<<<<<<< HEAD
0.2399803678980119;0.24060012329098435;0.24179033749247647;0.24189000260098276;0.2399812310020815;0.2405296525889117;0.24177507159814793;0.2419539880667008;
0.24004639215572543;0.2409458821115313;0.2416647536112008;0.242460246277264;0.24005431673650585;0.24094742716954357;0.2416357478077665;0.24251538723488478;
0.24011206800046953;0.24128025366553332;0.24154024770315496;0.24300672980036692;0.24010084671941265;0.24115979896882694;0.24156779569089074;0.24296830497180846;
0.24017739818287284;0.24160379138420685;0.24141680594816936;0.24353090787354723;0.24018015927160616;0.24160177769660707;0.24143198730756937;0.24352666581135557;
0.24024238542468612;0.24191701340750235;0.24129441476131128;0.24403411882380033;0.24024238542468726;0.24191701340750435;0.24129441476131314;0.24403411882379925;
=======
0.24046377546907385;0.24111250932663728;0.24244087853188517;0.24248222391289903;0.24045607842445477;0.24094358266444144;0.2424233145855738;0.2425320625481441;
0.24052719884660628;0.2414962522310072;0.24230883600162204;0.2430210490344934;0.24052402252440094;0.24140921462143422;0.2422776685664443;0.24306482226490383;
0.24059028753613063;0.24186735689601166;0.24217792688363585;0.24353742310935467;0.2406068806920752;0.24189834318331904;0.24220962604858517;0.24352040480205875;
0.24065304417992064;0.24222643755125162;0.24204813664699998;0.24403272069136445;0.24065265644744008;0.24219491927216003;0.24206223343930575;0.24402329410122503;
0.24071547139250965;0.24257406925806363;0.24191945100812268;0.24450820637009385;0.2407154713925085;0.24257406925806252;0.2419194510081216;0.24450820637009352;
>>>>>>> 5bff7079792f5f1dd3bf3d69132adbe487b89747
