-0.18265222 ; 0.0 ; 0.0 ; 0.0 ; 0.0 ; 0.0 ; 0.0 ; 0.0 ; 0.0 ; 0.0 ; 0.0 ; 0.0 ; 0.0 ; 0.0 ; 0.0 ; 0.0 ; 0.0 ; 0.0 ; 0.0 ; 0.0 ; 0.0 ; 0.0 ; 0.0 ; 0.0 ; 0.0 ; 0.0 ; 0.0 ; 0.0 ; 0.0 ; 0.0 ; 0.0 ; 0.0 ; 0.0 ; 0.0 ; 0.0 ; 0.0 ; 0.0 ; 0.0 ; 0.0 ; 0.0 ; 0.0 ; 0.0 ; 0.0 ; 0.0 ; 0.0 ; 0.0 ; 0.0 ; 0.0 ; 0.0 ; 0.0 ;  
-0.045494106 ; 0.0 ; 0.0 ; 0.0 ; 0.0 ; 0.0 ; 0.0 ; 0.0 ; 0.0 ; 0.0 ; 0.0 ; 0.0 ; 0.0 ; 0.0 ; 0.0 ; 0.0 ; 0.0 ; 0.0 ; 0.0 ; 0.0 ; 0.0 ; 0.0 ; 0.0 ; 0.0 ; 0.0 ; 0.0 ; 0.0 ; 0.0 ; 0.0 ; 0.0 ; 0.0 ; 0.0 ; 0.0 ; 0.0 ; 0.0 ; 0.0 ; 0.0 ; 0.0 ; 0.0 ; 0.0 ; 0.0 ; 0.0 ; 0.0 ; 0.0 ; 0.0 ; 0.0 ; 0.0 ; 0.0 ; 0.0 ; 0.0 ;  
-0.11409283 ; 0.0 ; 0.0 ; 0.0 ; 0.0 ; 0.0 ; 0.0 ; 0.0 ; 0.0 ; 0.0 ; 0.0 ; 0.0 ; 0.0 ; 0.0 ; 0.0 ; 0.0 ; 0.0 ; 0.0 ; 0.0 ; 0.0 ; 0.0 ; 0.0 ; 0.0 ; 0.0 ; 0.0 ; 0.0 ; 0.0 ; 0.0 ; 0.0 ; 0.0 ; 0.0 ; 0.0 ; 0.0 ; 0.0 ; 0.0 ; 0.0 ; 0.0 ; 0.0 ; 0.0 ; 0.0 ; 0.0 ; 0.0 ; 0.0 ; 0.0 ; 0.0 ; 0.0 ; 0.0 ; 0.0 ; 0.0 ; 0.0 ;  
-0.13564691 ; 0.0 ; 0.0 ; 0.0 ; 0.0 ; 0.0 ; 0.0 ; 0.0 ; 0.0 ; 0.0 ; 0.0 ; 0.0 ; 0.0 ; 0.0 ; 0.0 ; 0.0 ; 0.0 ; 0.0 ; 0.0 ; 0.0 ; 0.0 ; 0.0 ; 0.0 ; 0.0 ; 0.0 ; 0.0 ; 0.0 ; 0.0 ; 0.0 ; 0.0 ; 0.0 ; 0.0 ; 0.0 ; 0.0 ; 0.0 ; 0.0 ; 0.0 ; 0.0 ; 0.0 ; 0.0 ; 0.0 ; 0.0 ; 0.0 ; 0.0 ; 0.0 ; 0.0 ; 0.0 ; 0.0 ; 0.0 ; 0.0 ;  
-0.043120563 ; 0.0 ; 0.0 ; 0.0 ; 0.0 ; 0.0 ; 0.0 ; 0.0 ; 0.0 ; 0.0 ; 0.0 ; 0.0 ; 0.0 ; 0.0 ; 0.0 ; 0.0 ; 0.0 ; 0.0 ; 0.0 ; 0.0 ; 0.0 ; 0.0 ; 0.0 ; 0.0 ; 0.0 ; 0.0 ; 0.0 ; 0.0 ; 0.0 ; 0.0 ; 0.0 ; 0.0 ; 0.0 ; 0.0 ; 0.0 ; 0.0 ; 0.0 ; 0.0 ; 0.0 ; 0.0 ; 0.0 ; 0.0 ; 0.0 ; 0.0 ; 0.0 ; 0.0 ; 0.0 ; 0.0 ; 0.0 ; 0.0 ;  
-0.08020364 ; 0.0 ; 0.0 ; 0.0 ; 0.0 ; 0.0 ; 0.0 ; 0.0 ; 0.0 ; 0.0 ; 0.0 ; 0.0 ; 0.0 ; 0.0 ; 0.0 ; 0.0 ; 0.0 ; 0.0 ; 0.0 ; 0.0 ; 0.0 ; 0.0 ; 0.0 ; 0.0 ; 0.0 ; 0.0 ; 0.0 ; 0.0 ; 0.0 ; 0.0 ; 0.0 ; 0.0 ; 0.0 ; 0.0 ; 0.0 ; 0.0 ; 0.0 ; 0.0 ; 0.0 ; 0.0 ; 0.0 ; 0.0 ; 0.0 ; 0.0 ; 0.0 ; 0.0 ; 0.0 ; 0.0 ; 0.0 ; 0.0 ;  
-0.12772845 ; 0.0 ; 0.0 ; 0.0 ; 0.0 ; 0.0 ; 0.0 ; 0.0 ; 0.0 ; 0.0 ; 0.0 ; 0.0 ; 0.0 ; 0.0 ; 0.0 ; 0.0 ; 0.0 ; 0.0 ; 0.0 ; 0.0 ; 0.0 ; 0.0 ; 0.0 ; 0.0 ; 0.0 ; 0.0 ; 0.0 ; 0.0 ; 0.0 ; 0.0 ; 0.0 ; 0.0 ; 0.0 ; 0.0 ; 0.0 ; 0.0 ; 0.0 ; 0.0 ; 0.0 ; 0.0 ; 0.0 ; 0.0 ; 0.0 ; 0.0 ; 0.0 ; 0.0 ; 0.0 ; 0.0 ; 0.0 ; 0.0 ;  
0.049163353 ; 0.0 ; 0.0 ; 0.0 ; 0.0 ; 0.0 ; 0.0 ; 0.0 ; 0.0 ; 0.0 ; 0.0 ; 0.0 ; 0.0 ; 0.0 ; 0.0 ; 0.0 ; 0.0 ; 0.0 ; 0.0 ; 0.0 ; 0.0 ; 0.0 ; 0.0 ; 0.0 ; 0.0 ; 0.0 ; 0.0 ; 0.0 ; 0.0 ; 0.0 ; 0.0 ; 0.0 ; 0.0 ; 0.0 ; 0.0 ; 0.0 ; 0.0 ; 0.0 ; 0.0 ; 0.0 ; 0.0 ; 0.0 ; 0.0 ; 0.0 ; 0.0 ; 0.0 ; 0.0 ; 0.0 ; 0.0 ; 0.0 ;  
-0.32645094 ; 0.0 ; 0.0 ; 0.0 ; 0.0 ; 0.0 ; 0.0 ; 0.0 ; 0.0 ; 0.0 ; 0.0 ; 0.0 ; 0.0 ; 0.0 ; 0.0 ; 0.0 ; 0.0 ; 0.0 ; 0.0 ; 0.0 ; 0.0 ; 0.0 ; 0.0 ; 0.0 ; 0.0 ; 0.0 ; 0.0 ; 0.0 ; 0.0 ; 0.0 ; 0.0 ; 0.0 ; 0.0 ; 0.0 ; 0.0 ; 0.0 ; 0.0 ; 0.0 ; 0.0 ; 0.0 ; 0.0 ; 0.0 ; 0.0 ; 0.0 ; 0.0 ; 0.0 ; 0.0 ; 0.0 ; 0.0 ; 0.0 ;  
-0.20632315 ; 0.0 ; 0.0 ; 0.0 ; 0.0 ; 0.0 ; 0.0 ; 0.0 ; 0.0 ; 0.0 ; 0.0 ; 0.0 ; 0.0 ; 0.0 ; 0.0 ; 0.0 ; 0.0 ; 0.0 ; 0.0 ; 0.0 ; 0.0 ; 0.0 ; 0.0 ; 0.0 ; 0.0 ; 0.0 ; 0.0 ; 0.0 ; 0.0 ; 0.0 ; 0.0 ; 0.0 ; 0.0 ; 0.0 ; 0.0 ; 0.0 ; 0.0 ; 0.0 ; 0.0 ; 0.0 ; 0.0 ; 0.0 ; 0.0 ; 0.0 ; 0.0 ; 0.0 ; 0.0 ; 0.0 ; 0.0 ; 0.0 ;  
0.026112173 ; 0.0 ; 0.0 ; 0.0 ; 0.0 ; 0.0 ; 0.0 ; 0.0 ; 0.0 ; 0.0 ; 0.0 ; 0.0 ; 0.0 ; 0.0 ; 0.0 ; 0.0 ; 0.0 ; 0.0 ; 0.0 ; 0.0 ; 0.0 ; 0.0 ; 0.0 ; 0.0 ; 0.0 ; 0.0 ; 0.0 ; 0.0 ; 0.0 ; 0.0 ; 0.0 ; 0.0 ; 0.0 ; 0.0 ; 0.0 ; 0.0 ; 0.0 ; 0.0 ; 0.0 ; 0.0 ; 0.0 ; 0.0 ; 0.0 ; 0.0 ; 0.0 ; 0.0 ; 0.0 ; 0.0 ; 0.0 ; 0.0 ;  
0.043293808 ; 0.0 ; 0.0 ; 0.0 ; 0.0 ; 0.0 ; 0.0 ; 0.0 ; 0.0 ; 0.0 ; 0.0 ; 0.0 ; 0.0 ; 0.0 ; 0.0 ; 0.0 ; 0.0 ; 0.0 ; 0.0 ; 0.0 ; 0.0 ; 0.0 ; 0.0 ; 0.0 ; 0.0 ; 0.0 ; 0.0 ; 0.0 ; 0.0 ; 0.0 ; 0.0 ; 0.0 ; 0.0 ; 0.0 ; 0.0 ; 0.0 ; 0.0 ; 0.0 ; 0.0 ; 0.0 ; 0.0 ; 0.0 ; 0.0 ; 0.0 ; 0.0 ; 0.0 ; 0.0 ; 0.0 ; 0.0 ; 0.0 ;  
-0.26518023 ; 0.0 ; 0.0 ; 0.0 ; 0.0 ; 0.0 ; 0.0 ; 0.0 ; 0.0 ; 0.0 ; 0.0 ; 0.0 ; 0.0 ; 0.0 ; 0.0 ; 0.0 ; 0.0 ; 0.0 ; 0.0 ; 0.0 ; 0.0 ; 0.0 ; 0.0 ; 0.0 ; 0.0 ; 0.0 ; 0.0 ; 0.0 ; 0.0 ; 0.0 ; 0.0 ; 0.0 ; 0.0 ; 0.0 ; 0.0 ; 0.0 ; 0.0 ; 0.0 ; 0.0 ; 0.0 ; 0.0 ; 0.0 ; 0.0 ; 0.0 ; 0.0 ; 0.0 ; 0.0 ; 0.0 ; 0.0 ; 0.0 ;  
-0.1368716 ; 0.0 ; 0.0 ; 0.0 ; 0.0 ; 0.0 ; 0.0 ; 0.0 ; 0.0 ; 0.0 ; 0.0 ; 0.0 ; 0.0 ; 0.0 ; 0.0 ; 0.0 ; 0.0 ; 0.0 ; 0.0 ; 0.0 ; 0.0 ; 0.0 ; 0.0 ; 0.0 ; 0.0 ; 0.0 ; 0.0 ; 0.0 ; 0.0 ; 0.0 ; 0.0 ; 0.0 ; 0.0 ; 0.0 ; 0.0 ; 0.0 ; 0.0 ; 0.0 ; 0.0 ; 0.0 ; 0.0 ; 0.0 ; 0.0 ; 0.0 ; 0.0 ; 0.0 ; 0.0 ; 0.0 ; 0.0 ; 0.0 ;  
-0.2340193 ; 0.0 ; 0.0 ; 0.0 ; 0.0 ; 0.0 ; 0.0 ; 0.0 ; 0.0 ; 0.0 ; 0.0 ; 0.0 ; 0.0 ; 0.0 ; 0.0 ; 0.0 ; 0.0 ; 0.0 ; 0.0 ; 0.0 ; 0.0 ; 0.0 ; 0.0 ; 0.0 ; 0.0 ; 0.0 ; 0.0 ; 0.0 ; 0.0 ; 0.0 ; 0.0 ; 0.0 ; 0.0 ; 0.0 ; 0.0 ; 0.0 ; 0.0 ; 0.0 ; 0.0 ; 0.0 ; 0.0 ; 0.0 ; 0.0 ; 0.0 ; 0.0 ; 0.0 ; 0.0 ; 0.0 ; 0.0 ; 0.0 ;  
-0.050201207 ; 0.0 ; 0.0 ; 0.0 ; 0.0 ; 0.0 ; 0.0 ; 0.0 ; 0.0 ; 0.0 ; 0.0 ; 0.0 ; 0.0 ; 0.0 ; 0.0 ; 0.0 ; 0.0 ; 0.0 ; 0.0 ; 0.0 ; 0.0 ; 0.0 ; 0.0 ; 0.0 ; 0.0 ; 0.0 ; 0.0 ; 0.0 ; 0.0 ; 0.0 ; 0.0 ; 0.0 ; 0.0 ; 0.0 ; 0.0 ; 0.0 ; 0.0 ; 0.0 ; 0.0 ; 0.0 ; 0.0 ; 0.0 ; 0.0 ; 0.0 ; 0.0 ; 0.0 ; 0.0 ; 0.0 ; 0.0 ; 0.0 ;  
0.13869053 ; 0.0 ; 0.0 ; 0.0 ; 0.0 ; 0.0 ; 0.0 ; 0.0 ; 0.0 ; 0.0 ; 0.0 ; 0.0 ; 0.0 ; 0.0 ; 0.0 ; 0.0 ; 0.0 ; 0.0 ; 0.0 ; 0.0 ; 0.0 ; 0.0 ; 0.0 ; 0.0 ; 0.0 ; 0.0 ; 0.0 ; 0.0 ; 0.0 ; 0.0 ; 0.0 ; 0.0 ; 0.0 ; 0.0 ; 0.0 ; 0.0 ; 0.0 ; 0.0 ; 0.0 ; 0.0 ; 0.0 ; 0.0 ; 0.0 ; 0.0 ; 0.0 ; 0.0 ; 0.0 ; 0.0 ; 0.0 ; 0.0 ;  
0.055134226 ; 0.0 ; 0.0 ; 0.0 ; 0.0 ; 0.0 ; 0.0 ; 0.0 ; 0.0 ; 0.0 ; 0.0 ; 0.0 ; 0.0 ; 0.0 ; 0.0 ; 0.0 ; 0.0 ; 0.0 ; 0.0 ; 0.0 ; 0.0 ; 0.0 ; 0.0 ; 0.0 ; 0.0 ; 0.0 ; 0.0 ; 0.0 ; 0.0 ; 0.0 ; 0.0 ; 0.0 ; 0.0 ; 0.0 ; 0.0 ; 0.0 ; 0.0 ; 0.0 ; 0.0 ; 0.0 ; 0.0 ; 0.0 ; 0.0 ; 0.0 ; 0.0 ; 0.0 ; 0.0 ; 0.0 ; 0.0 ; 0.0 ;  
-0.11588513 ; 0.0 ; 0.0 ; 0.0 ; 0.0 ; 0.0 ; 0.0 ; 0.0 ; 0.0 ; 0.0 ; 0.0 ; 0.0 ; 0.0 ; 0.0 ; 0.0 ; 0.0 ; 0.0 ; 0.0 ; 0.0 ; 0.0 ; 0.0 ; 0.0 ; 0.0 ; 0.0 ; 0.0 ; 0.0 ; 0.0 ; 0.0 ; 0.0 ; 0.0 ; 0.0 ; 0.0 ; 0.0 ; 0.0 ; 0.0 ; 0.0 ; 0.0 ; 0.0 ; 0.0 ; 0.0 ; 0.0 ; 0.0 ; 0.0 ; 0.0 ; 0.0 ; 0.0 ; 0.0 ; 0.0 ; 0.0 ; 0.0 ;  
-0.08203228 ; 0.0 ; 0.0 ; 0.0 ; 0.0 ; 0.0 ; 0.0 ; 0.0 ; 0.0 ; 0.0 ; 0.0 ; 0.0 ; 0.0 ; 0.0 ; 0.0 ; 0.0 ; 0.0 ; 0.0 ; 0.0 ; 0.0 ; 0.0 ; 0.0 ; 0.0 ; 0.0 ; 0.0 ; 0.0 ; 0.0 ; 0.0 ; 0.0 ; 0.0 ; 0.0 ; 0.0 ; 0.0 ; 0.0 ; 0.0 ; 0.0 ; 0.0 ; 0.0 ; 0.0 ; 0.0 ; 0.0 ; 0.0 ; 0.0 ; 0.0 ; 0.0 ; 0.0 ; 0.0 ; 0.0 ; 0.0 ; 0.0 ;  
0.07976673 ; 0.0 ; 0.0 ; 0.0 ; 0.0 ; 0.0 ; 0.0 ; 0.0 ; 0.0 ; 0.0 ; 0.0 ; 0.0 ; 0.0 ; 0.0 ; 0.0 ; 0.0 ; 0.0 ; 0.0 ; 0.0 ; 0.0 ; 0.0 ; 0.0 ; 0.0 ; 0.0 ; 0.0 ; 0.0 ; 0.0 ; 0.0 ; 0.0 ; 0.0 ; 0.0 ; 0.0 ; 0.0 ; 0.0 ; 0.0 ; 0.0 ; 0.0 ; 0.0 ; 0.0 ; 0.0 ; 0.0 ; 0.0 ; 0.0 ; 0.0 ; 0.0 ; 0.0 ; 0.0 ; 0.0 ; 0.0 ; 0.0 ;  
-0.021694724 ; 0.0 ; 0.0 ; 0.0 ; 0.0 ; 0.0 ; 0.0 ; 0.0 ; 0.0 ; 0.0 ; 0.0 ; 0.0 ; 0.0 ; 0.0 ; 0.0 ; 0.0 ; 0.0 ; 0.0 ; 0.0 ; 0.0 ; 0.0 ; 0.0 ; 0.0 ; 0.0 ; 0.0 ; 0.0 ; 0.0 ; 0.0 ; 0.0 ; 0.0 ; 0.0 ; 0.0 ; 0.0 ; 0.0 ; 0.0 ; 0.0 ; 0.0 ; 0.0 ; 0.0 ; 0.0 ; 0.0 ; 0.0 ; 0.0 ; 0.0 ; 0.0 ; 0.0 ; 0.0 ; 0.0 ; 0.0 ; 0.0 ;  
-0.055756252 ; 0.0 ; 0.0 ; 0.0 ; 0.0 ; 0.0 ; 0.0 ; 0.0 ; 0.0 ; 0.0 ; 0.0 ; 0.0 ; 0.0 ; 0.0 ; 0.0 ; 0.0 ; 0.0 ; 0.0 ; 0.0 ; 0.0 ; 0.0 ; 0.0 ; 0.0 ; 0.0 ; 0.0 ; 0.0 ; 0.0 ; 0.0 ; 0.0 ; 0.0 ; 0.0 ; 0.0 ; 0.0 ; 0.0 ; 0.0 ; 0.0 ; 0.0 ; 0.0 ; 0.0 ; 0.0 ; 0.0 ; 0.0 ; 0.0 ; 0.0 ; 0.0 ; 0.0 ; 0.0 ; 0.0 ; 0.0 ; 0.0 ;  
0.30208424 ; 0.0 ; 0.0 ; 0.0 ; 0.0 ; 0.0 ; 0.0 ; 0.0 ; 0.0 ; 0.0 ; 0.0 ; 0.0 ; 0.0 ; 0.0 ; 0.0 ; 0.0 ; 0.0 ; 0.0 ; 0.0 ; 0.0 ; 0.0 ; 0.0 ; 0.0 ; 0.0 ; 0.0 ; 0.0 ; 0.0 ; 0.0 ; 0.0 ; 0.0 ; 0.0 ; 0.0 ; 0.0 ; 0.0 ; 0.0 ; 0.0 ; 0.0 ; 0.0 ; 0.0 ; 0.0 ; 0.0 ; 0.0 ; 0.0 ; 0.0 ; 0.0 ; 0.0 ; 0.0 ; 0.0 ; 0.0 ; 0.0 ;  
-0.040762447 ; 0.0 ; 0.0 ; 0.0 ; 0.0 ; 0.0 ; 0.0 ; 0.0 ; 0.0 ; 0.0 ; 0.0 ; 0.0 ; 0.0 ; 0.0 ; 0.0 ; 0.0 ; 0.0 ; 0.0 ; 0.0 ; 0.0 ; 0.0 ; 0.0 ; 0.0 ; 0.0 ; 0.0 ; 0.0 ; 0.0 ; 0.0 ; 0.0 ; 0.0 ; 0.0 ; 0.0 ; 0.0 ; 0.0 ; 0.0 ; 0.0 ; 0.0 ; 0.0 ; 0.0 ; 0.0 ; 0.0 ; 0.0 ; 0.0 ; 0.0 ; 0.0 ; 0.0 ; 0.0 ; 0.0 ; 0.0 ; 0.0 ;  
0.051555287 ; 0.0 ; 0.0 ; 0.0 ; 0.0 ; 0.0 ; 0.0 ; 0.0 ; 0.0 ; 0.0 ; 0.0 ; 0.0 ; 0.0 ; 0.0 ; 0.0 ; 0.0 ; 0.0 ; 0.0 ; 0.0 ; 0.0 ; 0.0 ; 0.0 ; 0.0 ; 0.0 ; 0.0 ; 0.0 ; 0.0 ; 0.0 ; 0.0 ; 0.0 ; 0.0 ; 0.0 ; 0.0 ; 0.0 ; 0.0 ; 0.0 ; 0.0 ; 0.0 ; 0.0 ; 0.0 ; 0.0 ; 0.0 ; 0.0 ; 0.0 ; 0.0 ; 0.0 ; 0.0 ; 0.0 ; 0.0 ; 0.0 ;  
0.035949096 ; 0.0 ; 0.0 ; 0.0 ; 0.0 ; 0.0 ; 0.0 ; 0.0 ; 0.0 ; 0.0 ; 0.0 ; 0.0 ; 0.0 ; 0.0 ; 0.0 ; 0.0 ; 0.0 ; 0.0 ; 0.0 ; 0.0 ; 0.0 ; 0.0 ; 0.0 ; 0.0 ; 0.0 ; 0.0 ; 0.0 ; 0.0 ; 0.0 ; 0.0 ; 0.0 ; 0.0 ; 0.0 ; 0.0 ; 0.0 ; 0.0 ; 0.0 ; 0.0 ; 0.0 ; 0.0 ; 0.0 ; 0.0 ; 0.0 ; 0.0 ; 0.0 ; 0.0 ; 0.0 ; 0.0 ; 0.0 ; 0.0 ;  
-0.04652861 ; 0.0 ; 0.0 ; 0.0 ; 0.0 ; 0.0 ; 0.0 ; 0.0 ; 0.0 ; 0.0 ; 0.0 ; 0.0 ; 0.0 ; 0.0 ; 0.0 ; 0.0 ; 0.0 ; 0.0 ; 0.0 ; 0.0 ; 0.0 ; 0.0 ; 0.0 ; 0.0 ; 0.0 ; 0.0 ; 0.0 ; 0.0 ; 0.0 ; 0.0 ; 0.0 ; 0.0 ; 0.0 ; 0.0 ; 0.0 ; 0.0 ; 0.0 ; 0.0 ; 0.0 ; 0.0 ; 0.0 ; 0.0 ; 0.0 ; 0.0 ; 0.0 ; 0.0 ; 0.0 ; 0.0 ; 0.0 ; 0.0 ;  
0.13763793 ; 0.0 ; 0.0 ; 0.0 ; 0.0 ; 0.0 ; 0.0 ; 0.0 ; 0.0 ; 0.0 ; 0.0 ; 0.0 ; 0.0 ; 0.0 ; 0.0 ; 0.0 ; 0.0 ; 0.0 ; 0.0 ; 0.0 ; 0.0 ; 0.0 ; 0.0 ; 0.0 ; 0.0 ; 0.0 ; 0.0 ; 0.0 ; 0.0 ; 0.0 ; 0.0 ; 0.0 ; 0.0 ; 0.0 ; 0.0 ; 0.0 ; 0.0 ; 0.0 ; 0.0 ; 0.0 ; 0.0 ; 0.0 ; 0.0 ; 0.0 ; 0.0 ; 0.0 ; 0.0 ; 0.0 ; 0.0 ; 0.0 ;  
0.19982676 ; 0.0 ; 0.0 ; 0.0 ; 0.0 ; 0.0 ; 0.0 ; 0.0 ; 0.0 ; 0.0 ; 0.0 ; 0.0 ; 0.0 ; 0.0 ; 0.0 ; 0.0 ; 0.0 ; 0.0 ; 0.0 ; 0.0 ; 0.0 ; 0.0 ; 0.0 ; 0.0 ; 0.0 ; 0.0 ; 0.0 ; 0.0 ; 0.0 ; 0.0 ; 0.0 ; 0.0 ; 0.0 ; 0.0 ; 0.0 ; 0.0 ; 0.0 ; 0.0 ; 0.0 ; 0.0 ; 0.0 ; 0.0 ; 0.0 ; 0.0 ; 0.0 ; 0.0 ; 0.0 ; 0.0 ; 0.0 ; 0.0 ;  
0.09432349 ; 0.0 ; 0.0 ; 0.0 ; 0.0 ; 0.0 ; 0.0 ; 0.0 ; 0.0 ; 0.0 ; 0.0 ; 0.0 ; 0.0 ; 0.0 ; 0.0 ; 0.0 ; 0.0 ; 0.0 ; 0.0 ; 0.0 ; 0.0 ; 0.0 ; 0.0 ; 0.0 ; 0.0 ; 0.0 ; 0.0 ; 0.0 ; 0.0 ; 0.0 ; 0.0 ; 0.0 ; 0.0 ; 0.0 ; 0.0 ; 0.0 ; 0.0 ; 0.0 ; 0.0 ; 0.0 ; 0.0 ; 0.0 ; 0.0 ; 0.0 ; 0.0 ; 0.0 ; 0.0 ; 0.0 ; 0.0 ; 0.0 ;  
-0.07367876 ; 0.0 ; 0.0 ; 0.0 ; 0.0 ; 0.0 ; 0.0 ; 0.0 ; 0.0 ; 0.0 ; 0.0 ; 0.0 ; 0.0 ; 0.0 ; 0.0 ; 0.0 ; 0.0 ; 0.0 ; 0.0 ; 0.0 ; 0.0 ; 0.0 ; 0.0 ; 0.0 ; 0.0 ; 0.0 ; 0.0 ; 0.0 ; 0.0 ; 0.0 ; 0.0 ; 0.0 ; 0.0 ; 0.0 ; 0.0 ; 0.0 ; 0.0 ; 0.0 ; 0.0 ; 0.0 ; 0.0 ; 0.0 ; 0.0 ; 0.0 ; 0.0 ; 0.0 ; 0.0 ; 0.0 ; 0.0 ; 0.0 ;  
-0.094735235 ; 0.0 ; 0.0 ; 0.0 ; 0.0 ; 0.0 ; 0.0 ; 0.0 ; 0.0 ; 0.0 ; 0.0 ; 0.0 ; 0.0 ; 0.0 ; 0.0 ; 0.0 ; 0.0 ; 0.0 ; 0.0 ; 0.0 ; 0.0 ; 0.0 ; 0.0 ; 0.0 ; 0.0 ; 0.0 ; 0.0 ; 0.0 ; 0.0 ; 0.0 ; 0.0 ; 0.0 ; 0.0 ; 0.0 ; 0.0 ; 0.0 ; 0.0 ; 0.0 ; 0.0 ; 0.0 ; 0.0 ; 0.0 ; 0.0 ; 0.0 ; 0.0 ; 0.0 ; 0.0 ; 0.0 ; 0.0 ; 0.0 ;  
-0.2123823 ; 0.0 ; 0.0 ; 0.0 ; 0.0 ; 0.0 ; 0.0 ; 0.0 ; 0.0 ; 0.0 ; 0.0 ; 0.0 ; 0.0 ; 0.0 ; 0.0 ; 0.0 ; 0.0 ; 0.0 ; 0.0 ; 0.0 ; 0.0 ; 0.0 ; 0.0 ; 0.0 ; 0.0 ; 0.0 ; 0.0 ; 0.0 ; 0.0 ; 0.0 ; 0.0 ; 0.0 ; 0.0 ; 0.0 ; 0.0 ; 0.0 ; 0.0 ; 0.0 ; 0.0 ; 0.0 ; 0.0 ; 0.0 ; 0.0 ; 0.0 ; 0.0 ; 0.0 ; 0.0 ; 0.0 ; 0.0 ; 0.0 ;  
0.12324289 ; 0.0 ; 0.0 ; 0.0 ; 0.0 ; 0.0 ; 0.0 ; 0.0 ; 0.0 ; 0.0 ; 0.0 ; 0.0 ; 0.0 ; 0.0 ; 0.0 ; 0.0 ; 0.0 ; 0.0 ; 0.0 ; 0.0 ; 0.0 ; 0.0 ; 0.0 ; 0.0 ; 0.0 ; 0.0 ; 0.0 ; 0.0 ; 0.0 ; 0.0 ; 0.0 ; 0.0 ; 0.0 ; 0.0 ; 0.0 ; 0.0 ; 0.0 ; 0.0 ; 0.0 ; 0.0 ; 0.0 ; 0.0 ; 0.0 ; 0.0 ; 0.0 ; 0.0 ; 0.0 ; 0.0 ; 0.0 ; 0.0 ;  
-0.003961235 ; 0.0 ; 0.0 ; 0.0 ; 0.0 ; 0.0 ; 0.0 ; 0.0 ; 0.0 ; 0.0 ; 0.0 ; 0.0 ; 0.0 ; 0.0 ; 0.0 ; 0.0 ; 0.0 ; 0.0 ; 0.0 ; 0.0 ; 0.0 ; 0.0 ; 0.0 ; 0.0 ; 0.0 ; 0.0 ; 0.0 ; 0.0 ; 0.0 ; 0.0 ; 0.0 ; 0.0 ; 0.0 ; 0.0 ; 0.0 ; 0.0 ; 0.0 ; 0.0 ; 0.0 ; 0.0 ; 0.0 ; 0.0 ; 0.0 ; 0.0 ; 0.0 ; 0.0 ; 0.0 ; 0.0 ; 0.0 ; 0.0 ;  
-0.21174309 ; 0.0 ; 0.0 ; 0.0 ; 0.0 ; 0.0 ; 0.0 ; 0.0 ; 0.0 ; 0.0 ; 0.0 ; 0.0 ; 0.0 ; 0.0 ; 0.0 ; 0.0 ; 0.0 ; 0.0 ; 0.0 ; 0.0 ; 0.0 ; 0.0 ; 0.0 ; 0.0 ; 0.0 ; 0.0 ; 0.0 ; 0.0 ; 0.0 ; 0.0 ; 0.0 ; 0.0 ; 0.0 ; 0.0 ; 0.0 ; 0.0 ; 0.0 ; 0.0 ; 0.0 ; 0.0 ; 0.0 ; 0.0 ; 0.0 ; 0.0 ; 0.0 ; 0.0 ; 0.0 ; 0.0 ; 0.0 ; 0.0 ;  
-0.042633582 ; 0.0 ; 0.0 ; 0.0 ; 0.0 ; 0.0 ; 0.0 ; 0.0 ; 0.0 ; 0.0 ; 0.0 ; 0.0 ; 0.0 ; 0.0 ; 0.0 ; 0.0 ; 0.0 ; 0.0 ; 0.0 ; 0.0 ; 0.0 ; 0.0 ; 0.0 ; 0.0 ; 0.0 ; 0.0 ; 0.0 ; 0.0 ; 0.0 ; 0.0 ; 0.0 ; 0.0 ; 0.0 ; 0.0 ; 0.0 ; 0.0 ; 0.0 ; 0.0 ; 0.0 ; 0.0 ; 0.0 ; 0.0 ; 0.0 ; 0.0 ; 0.0 ; 0.0 ; 0.0 ; 0.0 ; 0.0 ; 0.0 ;  
-0.2260839 ; 0.0 ; 0.0 ; 0.0 ; 0.0 ; 0.0 ; 0.0 ; 0.0 ; 0.0 ; 0.0 ; 0.0 ; 0.0 ; 0.0 ; 0.0 ; 0.0 ; 0.0 ; 0.0 ; 0.0 ; 0.0 ; 0.0 ; 0.0 ; 0.0 ; 0.0 ; 0.0 ; 0.0 ; 0.0 ; 0.0 ; 0.0 ; 0.0 ; 0.0 ; 0.0 ; 0.0 ; 0.0 ; 0.0 ; 0.0 ; 0.0 ; 0.0 ; 0.0 ; 0.0 ; 0.0 ; 0.0 ; 0.0 ; 0.0 ; 0.0 ; 0.0 ; 0.0 ; 0.0 ; 0.0 ; 0.0 ; 0.0 ;  
-0.04435112 ; 0.0 ; 0.0 ; 0.0 ; 0.0 ; 0.0 ; 0.0 ; 0.0 ; 0.0 ; 0.0 ; 0.0 ; 0.0 ; 0.0 ; 0.0 ; 0.0 ; 0.0 ; 0.0 ; 0.0 ; 0.0 ; 0.0 ; 0.0 ; 0.0 ; 0.0 ; 0.0 ; 0.0 ; 0.0 ; 0.0 ; 0.0 ; 0.0 ; 0.0 ; 0.0 ; 0.0 ; 0.0 ; 0.0 ; 0.0 ; 0.0 ; 0.0 ; 0.0 ; 0.0 ; 0.0 ; 0.0 ; 0.0 ; 0.0 ; 0.0 ; 0.0 ; 0.0 ; 0.0 ; 0.0 ; 0.0 ; 0.0 ;  
-0.025578147 ; 0.0 ; 0.0 ; 0.0 ; 0.0 ; 0.0 ; 0.0 ; 0.0 ; 0.0 ; 0.0 ; 0.0 ; 0.0 ; 0.0 ; 0.0 ; 0.0 ; 0.0 ; 0.0 ; 0.0 ; 0.0 ; 0.0 ; 0.0 ; 0.0 ; 0.0 ; 0.0 ; 0.0 ; 0.0 ; 0.0 ; 0.0 ; 0.0 ; 0.0 ; 0.0 ; 0.0 ; 0.0 ; 0.0 ; 0.0 ; 0.0 ; 0.0 ; 0.0 ; 0.0 ; 0.0 ; 0.0 ; 0.0 ; 0.0 ; 0.0 ; 0.0 ; 0.0 ; 0.0 ; 0.0 ; 0.0 ; 0.0 ;  
-0.30085492 ; 0.0 ; 0.0 ; 0.0 ; 0.0 ; 0.0 ; 0.0 ; 0.0 ; 0.0 ; 0.0 ; 0.0 ; 0.0 ; 0.0 ; 0.0 ; 0.0 ; 0.0 ; 0.0 ; 0.0 ; 0.0 ; 0.0 ; 0.0 ; 0.0 ; 0.0 ; 0.0 ; 0.0 ; 0.0 ; 0.0 ; 0.0 ; 0.0 ; 0.0 ; 0.0 ; 0.0 ; 0.0 ; 0.0 ; 0.0 ; 0.0 ; 0.0 ; 0.0 ; 0.0 ; 0.0 ; 0.0 ; 0.0 ; 0.0 ; 0.0 ; 0.0 ; 0.0 ; 0.0 ; 0.0 ; 0.0 ; 0.0 ;  
-0.15494138 ; 0.0 ; 0.0 ; 0.0 ; 0.0 ; 0.0 ; 0.0 ; 0.0 ; 0.0 ; 0.0 ; 0.0 ; 0.0 ; 0.0 ; 0.0 ; 0.0 ; 0.0 ; 0.0 ; 0.0 ; 0.0 ; 0.0 ; 0.0 ; 0.0 ; 0.0 ; 0.0 ; 0.0 ; 0.0 ; 0.0 ; 0.0 ; 0.0 ; 0.0 ; 0.0 ; 0.0 ; 0.0 ; 0.0 ; 0.0 ; 0.0 ; 0.0 ; 0.0 ; 0.0 ; 0.0 ; 0.0 ; 0.0 ; 0.0 ; 0.0 ; 0.0 ; 0.0 ; 0.0 ; 0.0 ; 0.0 ; 0.0 ;  
0.09344584 ; 0.0 ; 0.0 ; 0.0 ; 0.0 ; 0.0 ; 0.0 ; 0.0 ; 0.0 ; 0.0 ; 0.0 ; 0.0 ; 0.0 ; 0.0 ; 0.0 ; 0.0 ; 0.0 ; 0.0 ; 0.0 ; 0.0 ; 0.0 ; 0.0 ; 0.0 ; 0.0 ; 0.0 ; 0.0 ; 0.0 ; 0.0 ; 0.0 ; 0.0 ; 0.0 ; 0.0 ; 0.0 ; 0.0 ; 0.0 ; 0.0 ; 0.0 ; 0.0 ; 0.0 ; 0.0 ; 0.0 ; 0.0 ; 0.0 ; 0.0 ; 0.0 ; 0.0 ; 0.0 ; 0.0 ; 0.0 ; 0.0 ;  
0.10310747 ; 0.0 ; 0.0 ; 0.0 ; 0.0 ; 0.0 ; 0.0 ; 0.0 ; 0.0 ; 0.0 ; 0.0 ; 0.0 ; 0.0 ; 0.0 ; 0.0 ; 0.0 ; 0.0 ; 0.0 ; 0.0 ; 0.0 ; 0.0 ; 0.0 ; 0.0 ; 0.0 ; 0.0 ; 0.0 ; 0.0 ; 0.0 ; 0.0 ; 0.0 ; 0.0 ; 0.0 ; 0.0 ; 0.0 ; 0.0 ; 0.0 ; 0.0 ; 0.0 ; 0.0 ; 0.0 ; 0.0 ; 0.0 ; 0.0 ; 0.0 ; 0.0 ; 0.0 ; 0.0 ; 0.0 ; 0.0 ; 0.0 ;  
-0.21425837 ; 0.0 ; 0.0 ; 0.0 ; 0.0 ; 0.0 ; 0.0 ; 0.0 ; 0.0 ; 0.0 ; 0.0 ; 0.0 ; 0.0 ; 0.0 ; 0.0 ; 0.0 ; 0.0 ; 0.0 ; 0.0 ; 0.0 ; 0.0 ; 0.0 ; 0.0 ; 0.0 ; 0.0 ; 0.0 ; 0.0 ; 0.0 ; 0.0 ; 0.0 ; 0.0 ; 0.0 ; 0.0 ; 0.0 ; 0.0 ; 0.0 ; 0.0 ; 0.0 ; 0.0 ; 0.0 ; 0.0 ; 0.0 ; 0.0 ; 0.0 ; 0.0 ; 0.0 ; 0.0 ; 0.0 ; 0.0 ; 0.0 ;  
-0.24436593 ; 0.0 ; 0.0 ; 0.0 ; 0.0 ; 0.0 ; 0.0 ; 0.0 ; 0.0 ; 0.0 ; 0.0 ; 0.0 ; 0.0 ; 0.0 ; 0.0 ; 0.0 ; 0.0 ; 0.0 ; 0.0 ; 0.0 ; 0.0 ; 0.0 ; 0.0 ; 0.0 ; 0.0 ; 0.0 ; 0.0 ; 0.0 ; 0.0 ; 0.0 ; 0.0 ; 0.0 ; 0.0 ; 0.0 ; 0.0 ; 0.0 ; 0.0 ; 0.0 ; 0.0 ; 0.0 ; 0.0 ; 0.0 ; 0.0 ; 0.0 ; 0.0 ; 0.0 ; 0.0 ; 0.0 ; 0.0 ; 0.0 ;  
0.0077762394 ; 0.0 ; 0.0 ; 0.0 ; 0.0 ; 0.0 ; 0.0 ; 0.0 ; 0.0 ; 0.0 ; 0.0 ; 0.0 ; 0.0 ; 0.0 ; 0.0 ; 0.0 ; 0.0 ; 0.0 ; 0.0 ; 0.0 ; 0.0 ; 0.0 ; 0.0 ; 0.0 ; 0.0 ; 0.0 ; 0.0 ; 0.0 ; 0.0 ; 0.0 ; 0.0 ; 0.0 ; 0.0 ; 0.0 ; 0.0 ; 0.0 ; 0.0 ; 0.0 ; 0.0 ; 0.0 ; 0.0 ; 0.0 ; 0.0 ; 0.0 ; 0.0 ; 0.0 ; 0.0 ; 0.0 ; 0.0 ; 0.0 ;  
-0.04985564 ; 0.0 ; 0.0 ; 0.0 ; 0.0 ; 0.0 ; 0.0 ; 0.0 ; 0.0 ; 0.0 ; 0.0 ; 0.0 ; 0.0 ; 0.0 ; 0.0 ; 0.0 ; 0.0 ; 0.0 ; 0.0 ; 0.0 ; 0.0 ; 0.0 ; 0.0 ; 0.0 ; 0.0 ; 0.0 ; 0.0 ; 0.0 ; 0.0 ; 0.0 ; 0.0 ; 0.0 ; 0.0 ; 0.0 ; 0.0 ; 0.0 ; 0.0 ; 0.0 ; 0.0 ; 0.0 ; 0.0 ; 0.0 ; 0.0 ; 0.0 ; 0.0 ; 0.0 ; 0.0 ; 0.0 ; 0.0 ; 0.0 ;  
0.06290448 ; 0.0 ; 0.0 ; 0.0 ; 0.0 ; 0.0 ; 0.0 ; 0.0 ; 0.0 ; 0.0 ; 0.0 ; 0.0 ; 0.0 ; 0.0 ; 0.0 ; 0.0 ; 0.0 ; 0.0 ; 0.0 ; 0.0 ; 0.0 ; 0.0 ; 0.0 ; 0.0 ; 0.0 ; 0.0 ; 0.0 ; 0.0 ; 0.0 ; 0.0 ; 0.0 ; 0.0 ; 0.0 ; 0.0 ; 0.0 ; 0.0 ; 0.0 ; 0.0 ; 0.0 ; 0.0 ; 0.0 ; 0.0 ; 0.0 ; 0.0 ; 0.0 ; 0.0 ; 0.0 ; 0.0 ; 0.0 ; 0.0 ;  
-0.013827251 ; 0.0 ; 0.0 ; 0.0 ; 0.0 ; 0.0 ; 0.0 ; 0.0 ; 0.0 ; 0.0 ; 0.0 ; 0.0 ; 0.0 ; 0.0 ; 0.0 ; 0.0 ; 0.0 ; 0.0 ; 0.0 ; 0.0 ; 0.0 ; 0.0 ; 0.0 ; 0.0 ; 0.0 ; 0.0 ; 0.0 ; 0.0 ; 0.0 ; 0.0 ; 0.0 ; 0.0 ; 0.0 ; 0.0 ; 0.0 ; 0.0 ; 0.0 ; 0.0 ; 0.0 ; 0.0 ; 0.0 ; 0.0 ; 0.0 ; 0.0 ; 0.0 ; 0.0 ; 0.0 ; 0.0 ; 0.0 ; 0.0 ;  
-0.13781759 ; 0.0 ; 0.0 ; 0.0 ; 0.0 ; 0.0 ; 0.0 ; 0.0 ; 0.0 ; 0.0 ; 0.0 ; 0.0 ; 0.0 ; 0.0 ; 0.0 ; 0.0 ; 0.0 ; 0.0 ; 0.0 ; 0.0 ; 0.0 ; 0.0 ; 0.0 ; 0.0 ; 0.0 ; 0.0 ; 0.0 ; 0.0 ; 0.0 ; 0.0 ; 0.0 ; 0.0 ; 0.0 ; 0.0 ; 0.0 ; 0.0 ; 0.0 ; 0.0 ; 0.0 ; 0.0 ; 0.0 ; 0.0 ; 0.0 ; 0.0 ; 0.0 ; 0.0 ; 0.0 ; 0.0 ; 0.0 ; 0.0 ;  
-0.24567084 ; 0.0 ; 0.0 ; 0.0 ; 0.0 ; 0.0 ; 0.0 ; 0.0 ; 0.0 ; 0.0 ; 0.0 ; 0.0 ; 0.0 ; 0.0 ; 0.0 ; 0.0 ; 0.0 ; 0.0 ; 0.0 ; 0.0 ; 0.0 ; 0.0 ; 0.0 ; 0.0 ; 0.0 ; 0.0 ; 0.0 ; 0.0 ; 0.0 ; 0.0 ; 0.0 ; 0.0 ; 0.0 ; 0.0 ; 0.0 ; 0.0 ; 0.0 ; 0.0 ; 0.0 ; 0.0 ; 0.0 ; 0.0 ; 0.0 ; 0.0 ; 0.0 ; 0.0 ; 0.0 ; 0.0 ; 0.0 ; 0.0 ;  
-0.17287944 ; 0.0 ; 0.0 ; 0.0 ; 0.0 ; 0.0 ; 0.0 ; 0.0 ; 0.0 ; 0.0 ; 0.0 ; 0.0 ; 0.0 ; 0.0 ; 0.0 ; 0.0 ; 0.0 ; 0.0 ; 0.0 ; 0.0 ; 0.0 ; 0.0 ; 0.0 ; 0.0 ; 0.0 ; 0.0 ; 0.0 ; 0.0 ; 0.0 ; 0.0 ; 0.0 ; 0.0 ; 0.0 ; 0.0 ; 0.0 ; 0.0 ; 0.0 ; 0.0 ; 0.0 ; 0.0 ; 0.0 ; 0.0 ; 0.0 ; 0.0 ; 0.0 ; 0.0 ; 0.0 ; 0.0 ; 0.0 ; 0.0 ;  
0.059480365 ; 0.0 ; 0.0 ; 0.0 ; 0.0 ; 0.0 ; 0.0 ; 0.0 ; 0.0 ; 0.0 ; 0.0 ; 0.0 ; 0.0 ; 0.0 ; 0.0 ; 0.0 ; 0.0 ; 0.0 ; 0.0 ; 0.0 ; 0.0 ; 0.0 ; 0.0 ; 0.0 ; 0.0 ; 0.0 ; 0.0 ; 0.0 ; 0.0 ; 0.0 ; 0.0 ; 0.0 ; 0.0 ; 0.0 ; 0.0 ; 0.0 ; 0.0 ; 0.0 ; 0.0 ; 0.0 ; 0.0 ; 0.0 ; 0.0 ; 0.0 ; 0.0 ; 0.0 ; 0.0 ; 0.0 ; 0.0 ; 0.0 ;  
-0.120472156 ; 0.0 ; 0.0 ; 0.0 ; 0.0 ; 0.0 ; 0.0 ; 0.0 ; 0.0 ; 0.0 ; 0.0 ; 0.0 ; 0.0 ; 0.0 ; 0.0 ; 0.0 ; 0.0 ; 0.0 ; 0.0 ; 0.0 ; 0.0 ; 0.0 ; 0.0 ; 0.0 ; 0.0 ; 0.0 ; 0.0 ; 0.0 ; 0.0 ; 0.0 ; 0.0 ; 0.0 ; 0.0 ; 0.0 ; 0.0 ; 0.0 ; 0.0 ; 0.0 ; 0.0 ; 0.0 ; 0.0 ; 0.0 ; 0.0 ; 0.0 ; 0.0 ; 0.0 ; 0.0 ; 0.0 ; 0.0 ; 0.0 ;  
-0.18168002 ; 0.0 ; 0.0 ; 0.0 ; 0.0 ; 0.0 ; 0.0 ; 0.0 ; 0.0 ; 0.0 ; 0.0 ; 0.0 ; 0.0 ; 0.0 ; 0.0 ; 0.0 ; 0.0 ; 0.0 ; 0.0 ; 0.0 ; 0.0 ; 0.0 ; 0.0 ; 0.0 ; 0.0 ; 0.0 ; 0.0 ; 0.0 ; 0.0 ; 0.0 ; 0.0 ; 0.0 ; 0.0 ; 0.0 ; 0.0 ; 0.0 ; 0.0 ; 0.0 ; 0.0 ; 0.0 ; 0.0 ; 0.0 ; 0.0 ; 0.0 ; 0.0 ; 0.0 ; 0.0 ; 0.0 ; 0.0 ; 0.0 ;  
0.14537765 ; 0.0 ; 0.0 ; 0.0 ; 0.0 ; 0.0 ; 0.0 ; 0.0 ; 0.0 ; 0.0 ; 0.0 ; 0.0 ; 0.0 ; 0.0 ; 0.0 ; 0.0 ; 0.0 ; 0.0 ; 0.0 ; 0.0 ; 0.0 ; 0.0 ; 0.0 ; 0.0 ; 0.0 ; 0.0 ; 0.0 ; 0.0 ; 0.0 ; 0.0 ; 0.0 ; 0.0 ; 0.0 ; 0.0 ; 0.0 ; 0.0 ; 0.0 ; 0.0 ; 0.0 ; 0.0 ; 0.0 ; 0.0 ; 0.0 ; 0.0 ; 0.0 ; 0.0 ; 0.0 ; 0.0 ; 0.0 ; 0.0 ;  
0.04944093 ; 0.0 ; 0.0 ; 0.0 ; 0.0 ; 0.0 ; 0.0 ; 0.0 ; 0.0 ; 0.0 ; 0.0 ; 0.0 ; 0.0 ; 0.0 ; 0.0 ; 0.0 ; 0.0 ; 0.0 ; 0.0 ; 0.0 ; 0.0 ; 0.0 ; 0.0 ; 0.0 ; 0.0 ; 0.0 ; 0.0 ; 0.0 ; 0.0 ; 0.0 ; 0.0 ; 0.0 ; 0.0 ; 0.0 ; 0.0 ; 0.0 ; 0.0 ; 0.0 ; 0.0 ; 0.0 ; 0.0 ; 0.0 ; 0.0 ; 0.0 ; 0.0 ; 0.0 ; 0.0 ; 0.0 ; 0.0 ; 0.0 ;  
-0.15735346 ; 0.0 ; 0.0 ; 0.0 ; 0.0 ; 0.0 ; 0.0 ; 0.0 ; 0.0 ; 0.0 ; 0.0 ; 0.0 ; 0.0 ; 0.0 ; 0.0 ; 0.0 ; 0.0 ; 0.0 ; 0.0 ; 0.0 ; 0.0 ; 0.0 ; 0.0 ; 0.0 ; 0.0 ; 0.0 ; 0.0 ; 0.0 ; 0.0 ; 0.0 ; 0.0 ; 0.0 ; 0.0 ; 0.0 ; 0.0 ; 0.0 ; 0.0 ; 0.0 ; 0.0 ; 0.0 ; 0.0 ; 0.0 ; 0.0 ; 0.0 ; 0.0 ; 0.0 ; 0.0 ; 0.0 ; 0.0 ; 0.0 ;  
-0.024630202 ; 0.0 ; 0.0 ; 0.0 ; 0.0 ; 0.0 ; 0.0 ; 0.0 ; 0.0 ; 0.0 ; 0.0 ; 0.0 ; 0.0 ; 0.0 ; 0.0 ; 0.0 ; 0.0 ; 0.0 ; 0.0 ; 0.0 ; 0.0 ; 0.0 ; 0.0 ; 0.0 ; 0.0 ; 0.0 ; 0.0 ; 0.0 ; 0.0 ; 0.0 ; 0.0 ; 0.0 ; 0.0 ; 0.0 ; 0.0 ; 0.0 ; 0.0 ; 0.0 ; 0.0 ; 0.0 ; 0.0 ; 0.0 ; 0.0 ; 0.0 ; 0.0 ; 0.0 ; 0.0 ; 0.0 ; 0.0 ; 0.0 ;  
0.03352035 ; 0.0 ; 0.0 ; 0.0 ; 0.0 ; 0.0 ; 0.0 ; 0.0 ; 0.0 ; 0.0 ; 0.0 ; 0.0 ; 0.0 ; 0.0 ; 0.0 ; 0.0 ; 0.0 ; 0.0 ; 0.0 ; 0.0 ; 0.0 ; 0.0 ; 0.0 ; 0.0 ; 0.0 ; 0.0 ; 0.0 ; 0.0 ; 0.0 ; 0.0 ; 0.0 ; 0.0 ; 0.0 ; 0.0 ; 0.0 ; 0.0 ; 0.0 ; 0.0 ; 0.0 ; 0.0 ; 0.0 ; 0.0 ; 0.0 ; 0.0 ; 0.0 ; 0.0 ; 0.0 ; 0.0 ; 0.0 ; 0.0 ;  
-0.060829338 ; 0.0 ; 0.0 ; 0.0 ; 0.0 ; 0.0 ; 0.0 ; 0.0 ; 0.0 ; 0.0 ; 0.0 ; 0.0 ; 0.0 ; 0.0 ; 0.0 ; 0.0 ; 0.0 ; 0.0 ; 0.0 ; 0.0 ; 0.0 ; 0.0 ; 0.0 ; 0.0 ; 0.0 ; 0.0 ; 0.0 ; 0.0 ; 0.0 ; 0.0 ; 0.0 ; 0.0 ; 0.0 ; 0.0 ; 0.0 ; 0.0 ; 0.0 ; 0.0 ; 0.0 ; 0.0 ; 0.0 ; 0.0 ; 0.0 ; 0.0 ; 0.0 ; 0.0 ; 0.0 ; 0.0 ; 0.0 ; 0.0 ;  
-0.07496964 ; 0.0 ; 0.0 ; 0.0 ; 0.0 ; 0.0 ; 0.0 ; 0.0 ; 0.0 ; 0.0 ; 0.0 ; 0.0 ; 0.0 ; 0.0 ; 0.0 ; 0.0 ; 0.0 ; 0.0 ; 0.0 ; 0.0 ; 0.0 ; 0.0 ; 0.0 ; 0.0 ; 0.0 ; 0.0 ; 0.0 ; 0.0 ; 0.0 ; 0.0 ; 0.0 ; 0.0 ; 0.0 ; 0.0 ; 0.0 ; 0.0 ; 0.0 ; 0.0 ; 0.0 ; 0.0 ; 0.0 ; 0.0 ; 0.0 ; 0.0 ; 0.0 ; 0.0 ; 0.0 ; 0.0 ; 0.0 ; 0.0 ;  
-0.17950562 ; 0.0 ; 0.0 ; 0.0 ; 0.0 ; 0.0 ; 0.0 ; 0.0 ; 0.0 ; 0.0 ; 0.0 ; 0.0 ; 0.0 ; 0.0 ; 0.0 ; 0.0 ; 0.0 ; 0.0 ; 0.0 ; 0.0 ; 0.0 ; 0.0 ; 0.0 ; 0.0 ; 0.0 ; 0.0 ; 0.0 ; 0.0 ; 0.0 ; 0.0 ; 0.0 ; 0.0 ; 0.0 ; 0.0 ; 0.0 ; 0.0 ; 0.0 ; 0.0 ; 0.0 ; 0.0 ; 0.0 ; 0.0 ; 0.0 ; 0.0 ; 0.0 ; 0.0 ; 0.0 ; 0.0 ; 0.0 ; 0.0 ;  
-0.23761363 ; 0.0 ; 0.0 ; 0.0 ; 0.0 ; 0.0 ; 0.0 ; 0.0 ; 0.0 ; 0.0 ; 0.0 ; 0.0 ; 0.0 ; 0.0 ; 0.0 ; 0.0 ; 0.0 ; 0.0 ; 0.0 ; 0.0 ; 0.0 ; 0.0 ; 0.0 ; 0.0 ; 0.0 ; 0.0 ; 0.0 ; 0.0 ; 0.0 ; 0.0 ; 0.0 ; 0.0 ; 0.0 ; 0.0 ; 0.0 ; 0.0 ; 0.0 ; 0.0 ; 0.0 ; 0.0 ; 0.0 ; 0.0 ; 0.0 ; 0.0 ; 0.0 ; 0.0 ; 0.0 ; 0.0 ; 0.0 ; 0.0 ;  
0.13255258 ; 0.0 ; 0.0 ; 0.0 ; 0.0 ; 0.0 ; 0.0 ; 0.0 ; 0.0 ; 0.0 ; 0.0 ; 0.0 ; 0.0 ; 0.0 ; 0.0 ; 0.0 ; 0.0 ; 0.0 ; 0.0 ; 0.0 ; 0.0 ; 0.0 ; 0.0 ; 0.0 ; 0.0 ; 0.0 ; 0.0 ; 0.0 ; 0.0 ; 0.0 ; 0.0 ; 0.0 ; 0.0 ; 0.0 ; 0.0 ; 0.0 ; 0.0 ; 0.0 ; 0.0 ; 0.0 ; 0.0 ; 0.0 ; 0.0 ; 0.0 ; 0.0 ; 0.0 ; 0.0 ; 0.0 ; 0.0 ; 0.0 ;  
-0.17102088 ; 0.0 ; 0.0 ; 0.0 ; 0.0 ; 0.0 ; 0.0 ; 0.0 ; 0.0 ; 0.0 ; 0.0 ; 0.0 ; 0.0 ; 0.0 ; 0.0 ; 0.0 ; 0.0 ; 0.0 ; 0.0 ; 0.0 ; 0.0 ; 0.0 ; 0.0 ; 0.0 ; 0.0 ; 0.0 ; 0.0 ; 0.0 ; 0.0 ; 0.0 ; 0.0 ; 0.0 ; 0.0 ; 0.0 ; 0.0 ; 0.0 ; 0.0 ; 0.0 ; 0.0 ; 0.0 ; 0.0 ; 0.0 ; 0.0 ; 0.0 ; 0.0 ; 0.0 ; 0.0 ; 0.0 ; 0.0 ; 0.0 ;  
-0.07475503 ; 0.0 ; 0.0 ; 0.0 ; 0.0 ; 0.0 ; 0.0 ; 0.0 ; 0.0 ; 0.0 ; 0.0 ; 0.0 ; 0.0 ; 0.0 ; 0.0 ; 0.0 ; 0.0 ; 0.0 ; 0.0 ; 0.0 ; 0.0 ; 0.0 ; 0.0 ; 0.0 ; 0.0 ; 0.0 ; 0.0 ; 0.0 ; 0.0 ; 0.0 ; 0.0 ; 0.0 ; 0.0 ; 0.0 ; 0.0 ; 0.0 ; 0.0 ; 0.0 ; 0.0 ; 0.0 ; 0.0 ; 0.0 ; 0.0 ; 0.0 ; 0.0 ; 0.0 ; 0.0 ; 0.0 ; 0.0 ; 0.0 ;  
-0.11909058 ; 0.0 ; 0.0 ; 0.0 ; 0.0 ; 0.0 ; 0.0 ; 0.0 ; 0.0 ; 0.0 ; 0.0 ; 0.0 ; 0.0 ; 0.0 ; 0.0 ; 0.0 ; 0.0 ; 0.0 ; 0.0 ; 0.0 ; 0.0 ; 0.0 ; 0.0 ; 0.0 ; 0.0 ; 0.0 ; 0.0 ; 0.0 ; 0.0 ; 0.0 ; 0.0 ; 0.0 ; 0.0 ; 0.0 ; 0.0 ; 0.0 ; 0.0 ; 0.0 ; 0.0 ; 0.0 ; 0.0 ; 0.0 ; 0.0 ; 0.0 ; 0.0 ; 0.0 ; 0.0 ; 0.0 ; 0.0 ; 0.0 ;  
-0.16773383 ; 0.0 ; 0.0 ; 0.0 ; 0.0 ; 0.0 ; 0.0 ; 0.0 ; 0.0 ; 0.0 ; 0.0 ; 0.0 ; 0.0 ; 0.0 ; 0.0 ; 0.0 ; 0.0 ; 0.0 ; 0.0 ; 0.0 ; 0.0 ; 0.0 ; 0.0 ; 0.0 ; 0.0 ; 0.0 ; 0.0 ; 0.0 ; 0.0 ; 0.0 ; 0.0 ; 0.0 ; 0.0 ; 0.0 ; 0.0 ; 0.0 ; 0.0 ; 0.0 ; 0.0 ; 0.0 ; 0.0 ; 0.0 ; 0.0 ; 0.0 ; 0.0 ; 0.0 ; 0.0 ; 0.0 ; 0.0 ; 0.0 ;  
-0.22782114 ; 0.0 ; 0.0 ; 0.0 ; 0.0 ; 0.0 ; 0.0 ; 0.0 ; 0.0 ; 0.0 ; 0.0 ; 0.0 ; 0.0 ; 0.0 ; 0.0 ; 0.0 ; 0.0 ; 0.0 ; 0.0 ; 0.0 ; 0.0 ; 0.0 ; 0.0 ; 0.0 ; 0.0 ; 0.0 ; 0.0 ; 0.0 ; 0.0 ; 0.0 ; 0.0 ; 0.0 ; 0.0 ; 0.0 ; 0.0 ; 0.0 ; 0.0 ; 0.0 ; 0.0 ; 0.0 ; 0.0 ; 0.0 ; 0.0 ; 0.0 ; 0.0 ; 0.0 ; 0.0 ; 0.0 ; 0.0 ; 0.0 ;  
-0.4530429 ; 0.0 ; 0.0 ; 0.0 ; 0.0 ; 0.0 ; 0.0 ; 0.0 ; 0.0 ; 0.0 ; 0.0 ; 0.0 ; 0.0 ; 0.0 ; 0.0 ; 0.0 ; 0.0 ; 0.0 ; 0.0 ; 0.0 ; 0.0 ; 0.0 ; 0.0 ; 0.0 ; 0.0 ; 0.0 ; 0.0 ; 0.0 ; 0.0 ; 0.0 ; 0.0 ; 0.0 ; 0.0 ; 0.0 ; 0.0 ; 0.0 ; 0.0 ; 0.0 ; 0.0 ; 0.0 ; 0.0 ; 0.0 ; 0.0 ; 0.0 ; 0.0 ; 0.0 ; 0.0 ; 0.0 ; 0.0 ; 0.0 ;  
-0.47137552 ; 0.0 ; 0.0 ; 0.0 ; 0.0 ; 0.0 ; 0.0 ; 0.0 ; 0.0 ; 0.0 ; 0.0 ; 0.0 ; 0.0 ; 0.0 ; 0.0 ; 0.0 ; 0.0 ; 0.0 ; 0.0 ; 0.0 ; 0.0 ; 0.0 ; 0.0 ; 0.0 ; 0.0 ; 0.0 ; 0.0 ; 0.0 ; 0.0 ; 0.0 ; 0.0 ; 0.0 ; 0.0 ; 0.0 ; 0.0 ; 0.0 ; 0.0 ; 0.0 ; 0.0 ; 0.0 ; 0.0 ; 0.0 ; 0.0 ; 0.0 ; 0.0 ; 0.0 ; 0.0 ; 0.0 ; 0.0 ; 0.0 ;  
-0.25990614 ; 0.0 ; 0.0 ; 0.0 ; 0.0 ; 0.0 ; 0.0 ; 0.0 ; 0.0 ; 0.0 ; 0.0 ; 0.0 ; 0.0 ; 0.0 ; 0.0 ; 0.0 ; 0.0 ; 0.0 ; 0.0 ; 0.0 ; 0.0 ; 0.0 ; 0.0 ; 0.0 ; 0.0 ; 0.0 ; 0.0 ; 0.0 ; 0.0 ; 0.0 ; 0.0 ; 0.0 ; 0.0 ; 0.0 ; 0.0 ; 0.0 ; 0.0 ; 0.0 ; 0.0 ; 0.0 ; 0.0 ; 0.0 ; 0.0 ; 0.0 ; 0.0 ; 0.0 ; 0.0 ; 0.0 ; 0.0 ; 0.0 ;  
-0.21606657 ; 0.0 ; 0.0 ; 0.0 ; 0.0 ; 0.0 ; 0.0 ; 0.0 ; 0.0 ; 0.0 ; 0.0 ; 0.0 ; 0.0 ; 0.0 ; 0.0 ; 0.0 ; 0.0 ; 0.0 ; 0.0 ; 0.0 ; 0.0 ; 0.0 ; 0.0 ; 0.0 ; 0.0 ; 0.0 ; 0.0 ; 0.0 ; 0.0 ; 0.0 ; 0.0 ; 0.0 ; 0.0 ; 0.0 ; 0.0 ; 0.0 ; 0.0 ; 0.0 ; 0.0 ; 0.0 ; 0.0 ; 0.0 ; 0.0 ; 0.0 ; 0.0 ; 0.0 ; 0.0 ; 0.0 ; 0.0 ; 0.0 ;  
-0.22161935 ; 0.0 ; 0.0 ; 0.0 ; 0.0 ; 0.0 ; 0.0 ; 0.0 ; 0.0 ; 0.0 ; 0.0 ; 0.0 ; 0.0 ; 0.0 ; 0.0 ; 0.0 ; 0.0 ; 0.0 ; 0.0 ; 0.0 ; 0.0 ; 0.0 ; 0.0 ; 0.0 ; 0.0 ; 0.0 ; 0.0 ; 0.0 ; 0.0 ; 0.0 ; 0.0 ; 0.0 ; 0.0 ; 0.0 ; 0.0 ; 0.0 ; 0.0 ; 0.0 ; 0.0 ; 0.0 ; 0.0 ; 0.0 ; 0.0 ; 0.0 ; 0.0 ; 0.0 ; 0.0 ; 0.0 ; 0.0 ; 0.0 ;  
-0.33983195 ; 0.0 ; 0.0 ; 0.0 ; 0.0 ; 0.0 ; 0.0 ; 0.0 ; 0.0 ; 0.0 ; 0.0 ; 0.0 ; 0.0 ; 0.0 ; 0.0 ; 0.0 ; 0.0 ; 0.0 ; 0.0 ; 0.0 ; 0.0 ; 0.0 ; 0.0 ; 0.0 ; 0.0 ; 0.0 ; 0.0 ; 0.0 ; 0.0 ; 0.0 ; 0.0 ; 0.0 ; 0.0 ; 0.0 ; 0.0 ; 0.0 ; 0.0 ; 0.0 ; 0.0 ; 0.0 ; 0.0 ; 0.0 ; 0.0 ; 0.0 ; 0.0 ; 0.0 ; 0.0 ; 0.0 ; 0.0 ; 0.0 ;  
-0.29854292 ; 0.0 ; 0.0 ; 0.0 ; 0.0 ; 0.0 ; 0.0 ; 0.0 ; 0.0 ; 0.0 ; 0.0 ; 0.0 ; 0.0 ; 0.0 ; 0.0 ; 0.0 ; 0.0 ; 0.0 ; 0.0 ; 0.0 ; 0.0 ; 0.0 ; 0.0 ; 0.0 ; 0.0 ; 0.0 ; 0.0 ; 0.0 ; 0.0 ; 0.0 ; 0.0 ; 0.0 ; 0.0 ; 0.0 ; 0.0 ; 0.0 ; 0.0 ; 0.0 ; 0.0 ; 0.0 ; 0.0 ; 0.0 ; 0.0 ; 0.0 ; 0.0 ; 0.0 ; 0.0 ; 0.0 ; 0.0 ; 0.0 ;  
-0.15206334 ; 0.0 ; 0.0 ; 0.0 ; 0.0 ; 0.0 ; 0.0 ; 0.0 ; 0.0 ; 0.0 ; 0.0 ; 0.0 ; 0.0 ; 0.0 ; 0.0 ; 0.0 ; 0.0 ; 0.0 ; 0.0 ; 0.0 ; 0.0 ; 0.0 ; 0.0 ; 0.0 ; 0.0 ; 0.0 ; 0.0 ; 0.0 ; 0.0 ; 0.0 ; 0.0 ; 0.0 ; 0.0 ; 0.0 ; 0.0 ; 0.0 ; 0.0 ; 0.0 ; 0.0 ; 0.0 ; 0.0 ; 0.0 ; 0.0 ; 0.0 ; 0.0 ; 0.0 ; 0.0 ; 0.0 ; 0.0 ; 0.0 ;  
-0.20228004 ; 0.0 ; 0.0 ; 0.0 ; 0.0 ; 0.0 ; 0.0 ; 0.0 ; 0.0 ; 0.0 ; 0.0 ; 0.0 ; 0.0 ; 0.0 ; 0.0 ; 0.0 ; 0.0 ; 0.0 ; 0.0 ; 0.0 ; 0.0 ; 0.0 ; 0.0 ; 0.0 ; 0.0 ; 0.0 ; 0.0 ; 0.0 ; 0.0 ; 0.0 ; 0.0 ; 0.0 ; 0.0 ; 0.0 ; 0.0 ; 0.0 ; 0.0 ; 0.0 ; 0.0 ; 0.0 ; 0.0 ; 0.0 ; 0.0 ; 0.0 ; 0.0 ; 0.0 ; 0.0 ; 0.0 ; 0.0 ; 0.0 ;  
-0.10687431 ; 0.0 ; 0.0 ; 0.0 ; 0.0 ; 0.0 ; 0.0 ; 0.0 ; 0.0 ; 0.0 ; 0.0 ; 0.0 ; 0.0 ; 0.0 ; 0.0 ; 0.0 ; 0.0 ; 0.0 ; 0.0 ; 0.0 ; 0.0 ; 0.0 ; 0.0 ; 0.0 ; 0.0 ; 0.0 ; 0.0 ; 0.0 ; 0.0 ; 0.0 ; 0.0 ; 0.0 ; 0.0 ; 0.0 ; 0.0 ; 0.0 ; 0.0 ; 0.0 ; 0.0 ; 0.0 ; 0.0 ; 0.0 ; 0.0 ; 0.0 ; 0.0 ; 0.0 ; 0.0 ; 0.0 ; 0.0 ; 0.0 ;  
-0.03756654 ; 0.0 ; 0.0 ; 0.0 ; 0.0 ; 0.0 ; 0.0 ; 0.0 ; 0.0 ; 0.0 ; 0.0 ; 0.0 ; 0.0 ; 0.0 ; 0.0 ; 0.0 ; 0.0 ; 0.0 ; 0.0 ; 0.0 ; 0.0 ; 0.0 ; 0.0 ; 0.0 ; 0.0 ; 0.0 ; 0.0 ; 0.0 ; 0.0 ; 0.0 ; 0.0 ; 0.0 ; 0.0 ; 0.0 ; 0.0 ; 0.0 ; 0.0 ; 0.0 ; 0.0 ; 0.0 ; 0.0 ; 0.0 ; 0.0 ; 0.0 ; 0.0 ; 0.0 ; 0.0 ; 0.0 ; 0.0 ; 0.0 ;  
-0.06328535 ; 0.0 ; 0.0 ; 0.0 ; 0.0 ; 0.0 ; 0.0 ; 0.0 ; 0.0 ; 0.0 ; 0.0 ; 0.0 ; 0.0 ; 0.0 ; 0.0 ; 0.0 ; 0.0 ; 0.0 ; 0.0 ; 0.0 ; 0.0 ; 0.0 ; 0.0 ; 0.0 ; 0.0 ; 0.0 ; 0.0 ; 0.0 ; 0.0 ; 0.0 ; 0.0 ; 0.0 ; 0.0 ; 0.0 ; 0.0 ; 0.0 ; 0.0 ; 0.0 ; 0.0 ; 0.0 ; 0.0 ; 0.0 ; 0.0 ; 0.0 ; 0.0 ; 0.0 ; 0.0 ; 0.0 ; 0.0 ; 0.0 ;  
-0.12255212 ; 0.0 ; 0.0 ; 0.0 ; 0.0 ; 0.0 ; 0.0 ; 0.0 ; 0.0 ; 0.0 ; 0.0 ; 0.0 ; 0.0 ; 0.0 ; 0.0 ; 0.0 ; 0.0 ; 0.0 ; 0.0 ; 0.0 ; 0.0 ; 0.0 ; 0.0 ; 0.0 ; 0.0 ; 0.0 ; 0.0 ; 0.0 ; 0.0 ; 0.0 ; 0.0 ; 0.0 ; 0.0 ; 0.0 ; 0.0 ; 0.0 ; 0.0 ; 0.0 ; 0.0 ; 0.0 ; 0.0 ; 0.0 ; 0.0 ; 0.0 ; 0.0 ; 0.0 ; 0.0 ; 0.0 ; 0.0 ; 0.0 ;  
-0.1477402 ; 0.0 ; 0.0 ; 0.0 ; 0.0 ; 0.0 ; 0.0 ; 0.0 ; 0.0 ; 0.0 ; 0.0 ; 0.0 ; 0.0 ; 0.0 ; 0.0 ; 0.0 ; 0.0 ; 0.0 ; 0.0 ; 0.0 ; 0.0 ; 0.0 ; 0.0 ; 0.0 ; 0.0 ; 0.0 ; 0.0 ; 0.0 ; 0.0 ; 0.0 ; 0.0 ; 0.0 ; 0.0 ; 0.0 ; 0.0 ; 0.0 ; 0.0 ; 0.0 ; 0.0 ; 0.0 ; 0.0 ; 0.0 ; 0.0 ; 0.0 ; 0.0 ; 0.0 ; 0.0 ; 0.0 ; 0.0 ; 0.0 ;  
-0.061705094 ; 0.0 ; 0.0 ; 0.0 ; 0.0 ; 0.0 ; 0.0 ; 0.0 ; 0.0 ; 0.0 ; 0.0 ; 0.0 ; 0.0 ; 0.0 ; 0.0 ; 0.0 ; 0.0 ; 0.0 ; 0.0 ; 0.0 ; 0.0 ; 0.0 ; 0.0 ; 0.0 ; 0.0 ; 0.0 ; 0.0 ; 0.0 ; 0.0 ; 0.0 ; 0.0 ; 0.0 ; 0.0 ; 0.0 ; 0.0 ; 0.0 ; 0.0 ; 0.0 ; 0.0 ; 0.0 ; 0.0 ; 0.0 ; 0.0 ; 0.0 ; 0.0 ; 0.0 ; 0.0 ; 0.0 ; 0.0 ; 0.0 ;  
-0.06967808 ; 0.0 ; 0.0 ; 0.0 ; 0.0 ; 0.0 ; 0.0 ; 0.0 ; 0.0 ; 0.0 ; 0.0 ; 0.0 ; 0.0 ; 0.0 ; 0.0 ; 0.0 ; 0.0 ; 0.0 ; 0.0 ; 0.0 ; 0.0 ; 0.0 ; 0.0 ; 0.0 ; 0.0 ; 0.0 ; 0.0 ; 0.0 ; 0.0 ; 0.0 ; 0.0 ; 0.0 ; 0.0 ; 0.0 ; 0.0 ; 0.0 ; 0.0 ; 0.0 ; 0.0 ; 0.0 ; 0.0 ; 0.0 ; 0.0 ; 0.0 ; 0.0 ; 0.0 ; 0.0 ; 0.0 ; 0.0 ; 0.0 ;  
-0.14154755 ; 0.0 ; 0.0 ; 0.0 ; 0.0 ; 0.0 ; 0.0 ; 0.0 ; 0.0 ; 0.0 ; 0.0 ; 0.0 ; 0.0 ; 0.0 ; 0.0 ; 0.0 ; 0.0 ; 0.0 ; 0.0 ; 0.0 ; 0.0 ; 0.0 ; 0.0 ; 0.0 ; 0.0 ; 0.0 ; 0.0 ; 0.0 ; 0.0 ; 0.0 ; 0.0 ; 0.0 ; 0.0 ; 0.0 ; 0.0 ; 0.0 ; 0.0 ; 0.0 ; 0.0 ; 0.0 ; 0.0 ; 0.0 ; 0.0 ; 0.0 ; 0.0 ; 0.0 ; 0.0 ; 0.0 ; 0.0 ; 0.0 ;  
-0.2553635 ; 0.0 ; 0.0 ; 0.0 ; 0.0 ; 0.0 ; 0.0 ; 0.0 ; 0.0 ; 0.0 ; 0.0 ; 0.0 ; 0.0 ; 0.0 ; 0.0 ; 0.0 ; 0.0 ; 0.0 ; 0.0 ; 0.0 ; 0.0 ; 0.0 ; 0.0 ; 0.0 ; 0.0 ; 0.0 ; 0.0 ; 0.0 ; 0.0 ; 0.0 ; 0.0 ; 0.0 ; 0.0 ; 0.0 ; 0.0 ; 0.0 ; 0.0 ; 0.0 ; 0.0 ; 0.0 ; 0.0 ; 0.0 ; 0.0 ; 0.0 ; 0.0 ; 0.0 ; 0.0 ; 0.0 ; 0.0 ; 0.0 ;  
0.10645464 ; 0.0 ; 0.0 ; 0.0 ; 0.0 ; 0.0 ; 0.0 ; 0.0 ; 0.0 ; 0.0 ; 0.0 ; 0.0 ; 0.0 ; 0.0 ; 0.0 ; 0.0 ; 0.0 ; 0.0 ; 0.0 ; 0.0 ; 0.0 ; 0.0 ; 0.0 ; 0.0 ; 0.0 ; 0.0 ; 0.0 ; 0.0 ; 0.0 ; 0.0 ; 0.0 ; 0.0 ; 0.0 ; 0.0 ; 0.0 ; 0.0 ; 0.0 ; 0.0 ; 0.0 ; 0.0 ; 0.0 ; 0.0 ; 0.0 ; 0.0 ; 0.0 ; 0.0 ; 0.0 ; 0.0 ; 0.0 ; 0.0 ;  
-0.14500196 ; 0.0 ; 0.0 ; 0.0 ; 0.0 ; 0.0 ; 0.0 ; 0.0 ; 0.0 ; 0.0 ; 0.0 ; 0.0 ; 0.0 ; 0.0 ; 0.0 ; 0.0 ; 0.0 ; 0.0 ; 0.0 ; 0.0 ; 0.0 ; 0.0 ; 0.0 ; 0.0 ; 0.0 ; 0.0 ; 0.0 ; 0.0 ; 0.0 ; 0.0 ; 0.0 ; 0.0 ; 0.0 ; 0.0 ; 0.0 ; 0.0 ; 0.0 ; 0.0 ; 0.0 ; 0.0 ; 0.0 ; 0.0 ; 0.0 ; 0.0 ; 0.0 ; 0.0 ; 0.0 ; 0.0 ; 0.0 ; 0.0 ;  
-0.077206865 ; 0.0 ; 0.0 ; 0.0 ; 0.0 ; 0.0 ; 0.0 ; 0.0 ; 0.0 ; 0.0 ; 0.0 ; 0.0 ; 0.0 ; 0.0 ; 0.0 ; 0.0 ; 0.0 ; 0.0 ; 0.0 ; 0.0 ; 0.0 ; 0.0 ; 0.0 ; 0.0 ; 0.0 ; 0.0 ; 0.0 ; 0.0 ; 0.0 ; 0.0 ; 0.0 ; 0.0 ; 0.0 ; 0.0 ; 0.0 ; 0.0 ; 0.0 ; 0.0 ; 0.0 ; 0.0 ; 0.0 ; 0.0 ; 0.0 ; 0.0 ; 0.0 ; 0.0 ; 0.0 ; 0.0 ; 0.0 ; 0.0 ;  
0.08516564 ; 0.0 ; 0.0 ; 0.0 ; 0.0 ; 0.0 ; 0.0 ; 0.0 ; 0.0 ; 0.0 ; 0.0 ; 0.0 ; 0.0 ; 0.0 ; 0.0 ; 0.0 ; 0.0 ; 0.0 ; 0.0 ; 0.0 ; 0.0 ; 0.0 ; 0.0 ; 0.0 ; 0.0 ; 0.0 ; 0.0 ; 0.0 ; 0.0 ; 0.0 ; 0.0 ; 0.0 ; 0.0 ; 0.0 ; 0.0 ; 0.0 ; 0.0 ; 0.0 ; 0.0 ; 0.0 ; 0.0 ; 0.0 ; 0.0 ; 0.0 ; 0.0 ; 0.0 ; 0.0 ; 0.0 ; 0.0 ; 0.0 ;  
-0.16920161 ; 0.0 ; 0.0 ; 0.0 ; 0.0 ; 0.0 ; 0.0 ; 0.0 ; 0.0 ; 0.0 ; 0.0 ; 0.0 ; 0.0 ; 0.0 ; 0.0 ; 0.0 ; 0.0 ; 0.0 ; 0.0 ; 0.0 ; 0.0 ; 0.0 ; 0.0 ; 0.0 ; 0.0 ; 0.0 ; 0.0 ; 0.0 ; 0.0 ; 0.0 ; 0.0 ; 0.0 ; 0.0 ; 0.0 ; 0.0 ; 0.0 ; 0.0 ; 0.0 ; 0.0 ; 0.0 ; 0.0 ; 0.0 ; 0.0 ; 0.0 ; 0.0 ; 0.0 ; 0.0 ; 0.0 ; 0.0 ; 0.0 ;  
-0.00356562 ; 0.0 ; 0.0 ; 0.0 ; 0.0 ; 0.0 ; 0.0 ; 0.0 ; 0.0 ; 0.0 ; 0.0 ; 0.0 ; 0.0 ; 0.0 ; 0.0 ; 0.0 ; 0.0 ; 0.0 ; 0.0 ; 0.0 ; 0.0 ; 0.0 ; 0.0 ; 0.0 ; 0.0 ; 0.0 ; 0.0 ; 0.0 ; 0.0 ; 0.0 ; 0.0 ; 0.0 ; 0.0 ; 0.0 ; 0.0 ; 0.0 ; 0.0 ; 0.0 ; 0.0 ; 0.0 ; 0.0 ; 0.0 ; 0.0 ; 0.0 ; 0.0 ; 0.0 ; 0.0 ; 0.0 ; 0.0 ; 0.0 ;  
-0.05971916 ; 0.0 ; 0.0 ; 0.0 ; 0.0 ; 0.0 ; 0.0 ; 0.0 ; 0.0 ; 0.0 ; 0.0 ; 0.0 ; 0.0 ; 0.0 ; 0.0 ; 0.0 ; 0.0 ; 0.0 ; 0.0 ; 0.0 ; 0.0 ; 0.0 ; 0.0 ; 0.0 ; 0.0 ; 0.0 ; 0.0 ; 0.0 ; 0.0 ; 0.0 ; 0.0 ; 0.0 ; 0.0 ; 0.0 ; 0.0 ; 0.0 ; 0.0 ; 0.0 ; 0.0 ; 0.0 ; 0.0 ; 0.0 ; 0.0 ; 0.0 ; 0.0 ; 0.0 ; 0.0 ; 0.0 ; 0.0 ; 0.0 ;  
-0.09323758 ; 0.0 ; 0.0 ; 0.0 ; 0.0 ; 0.0 ; 0.0 ; 0.0 ; 0.0 ; 0.0 ; 0.0 ; 0.0 ; 0.0 ; 0.0 ; 0.0 ; 0.0 ; 0.0 ; 0.0 ; 0.0 ; 0.0 ; 0.0 ; 0.0 ; 0.0 ; 0.0 ; 0.0 ; 0.0 ; 0.0 ; 0.0 ; 0.0 ; 0.0 ; 0.0 ; 0.0 ; 0.0 ; 0.0 ; 0.0 ; 0.0 ; 0.0 ; 0.0 ; 0.0 ; 0.0 ; 0.0 ; 0.0 ; 0.0 ; 0.0 ; 0.0 ; 0.0 ; 0.0 ; 0.0 ; 0.0 ; 0.0 ;  
6.971197E-4 ; 0.0 ; 0.0 ; 0.0 ; 0.0 ; 0.0 ; 0.0 ; 0.0 ; 0.0 ; 0.0 ; 0.0 ; 0.0 ; 0.0 ; 0.0 ; 0.0 ; 0.0 ; 0.0 ; 0.0 ; 0.0 ; 0.0 ; 0.0 ; 0.0 ; 0.0 ; 0.0 ; 0.0 ; 0.0 ; 0.0 ; 0.0 ; 0.0 ; 0.0 ; 0.0 ; 0.0 ; 0.0 ; 0.0 ; 0.0 ; 0.0 ; 0.0 ; 0.0 ; 0.0 ; 0.0 ; 0.0 ; 0.0 ; 0.0 ; 0.0 ; 0.0 ; 0.0 ; 0.0 ; 0.0 ; 0.0 ; 0.0 ;  
-0.15879464 ; 0.0 ; 0.0 ; 0.0 ; 0.0 ; 0.0 ; 0.0 ; 0.0 ; 0.0 ; 0.0 ; 0.0 ; 0.0 ; 0.0 ; 0.0 ; 0.0 ; 0.0 ; 0.0 ; 0.0 ; 0.0 ; 0.0 ; 0.0 ; 0.0 ; 0.0 ; 0.0 ; 0.0 ; 0.0 ; 0.0 ; 0.0 ; 0.0 ; 0.0 ; 0.0 ; 0.0 ; 0.0 ; 0.0 ; 0.0 ; 0.0 ; 0.0 ; 0.0 ; 0.0 ; 0.0 ; 0.0 ; 0.0 ; 0.0 ; 0.0 ; 0.0 ; 0.0 ; 0.0 ; 0.0 ; 0.0 ; 0.0 ;  
