***************************
sample 0
attribute 1
 1 2 3 4 5 6 7 8 9 10 11 12 13 14 15 16 17 18 19 20 21 22 23 24 25 26 27 28 29 30 31 32 33 34 35 36 37 38 39 40 41 42 43 44 45 46 47 48 49 50 51 52 53 54 55
attribute 2

attribute 3

attribute 4

attribute 5

attribute 6

attribute 7

attribute 8

attribute 9
 2 4 5 6 7 8 9 11 12 13 14 15 16 18 20 22 25 27 28 29 30 31 32 33 34 36 37 38 41 42 43 46 49 50 51 52 53 54 55
attribute 10
 2 4 5 6 7 8 9 11 12 13 14 15 16 18 20 22 25 27 28 29 30 31 32 33 34 36 37 38 41 42 43 46 48 49 50 51 52 53 54 55
***************************
sample 1
attribute 1
 1 2 3 4 5 6 7 8 9 10 11 12 13 14 15 16 17 18 19 20 21 22 23 24 25 26 27 28 29 30 31 32 33 34 35 36 37 38 39 40 41 42 43 44 45 46 47 48 49 50 51 52 53 54 55
attribute 2

attribute 3

attribute 4

attribute 5

attribute 6

attribute 7

attribute 8

attribute 9
 2 4 5 6 7 8 9 11 12 13 14 15 16 18 20 22 25 27 28 29 30 31 32 33 36 37 38 39 41 42 43 46 49 50 51 52 53 54 55
attribute 10
 4 5 6 7 8 9 11 12 13 14 15 16 18 20 22 25 27 28 29 30 31 32 33 36 37 38 39 41 42 43 46 48 49 50 51 52 53 54 55
***************************
sample 2
attribute 1
 1 2 3 4 5 6 7 8 9 10 11 12 13 14 15 16 17 18 19 20 21 22 23 24 25 26 27 28 29 30 31 32 33 34 35 36 37 38 39 40 41 42 43 44 45 46 47 48 49 50 51 52 53 54 55
attribute 2

attribute 3

attribute 4

attribute 5

attribute 6

attribute 7

attribute 8

attribute 9
 4 5 6 7 8 9 11 12 13 14 15 16 18 20 22 27 28 29 30 31 32 34 36 37 38 39 41 42 43 46 49 50 51 52 53 54 55
attribute 10
 4 5 6 7 8 9 11 12 13 14 15 16 18 20 22 27 28 29 30 31 32 34 36 37 38 39 41 42 43 46 48 49 50 51 52 53 54 55
***************************
sample 3
attribute 1
 1 2 3 4 5 6 7 8 9 10 11 12 13 14 15 16 17 18 19 20 21 22 23 24 25 26 27 28 29 30 31 32 33 34 35 36 37 38 39 40 41 42 43 44 45 46 47 48 49 50 51 52 53 54 55
attribute 2

attribute 3

attribute 4

attribute 5

attribute 6

attribute 7

attribute 8

attribute 9
 2 4 5 6 7 8 9 11 12 13 14 15 16 18 20 22 27 28 29 30 31 32 33 34 36 37 38 39 41 42 43 46 49 50 51 52 53 54 55
attribute 10

***************************
sample 4
attribute 1
 1 2 3 4 5 6 7 8 9 10 11 12 13 14 15 16 17 18 19 20 21 22 23 24 25 26 27 28 29 30 31 32 33 34 35 36 37 38 39 40 41 42 43 44 45 46 47 48 49 50 51 52 53 54 55
attribute 2

attribute 3

attribute 4

attribute 5

attribute 6

attribute 7

attribute 8

attribute 9
 4 5 6 7 8 9 11 12 13 14 15 16 18 20 22 25 27 28 29 30 31 32 33 34 36 37 38 41 42 43 46 49 50 51 52 53 54 55
attribute 10
 5 6 7 8 9 11 12 13 14 15 16 18 20 22 25 27 28 29 30 31 32 33 34 36 37 38 41 42 43 46 48 49 50 51 52 53 54 55
***************************
sample 5
attribute 1
 1 2 3 4 5 6 7 8 9 10 11 12 13 14 15 16 17 18 19 20 21 22 23 24 25 26 27 28 29 30 31 32 33 34 35 36 37 38 39 40 41 42 43 44 45 46 47 48 49 50 51 52 53 54 55
attribute 2

attribute 3

attribute 4

attribute 5

attribute 6

attribute 7

attribute 8

attribute 9
 4 5 6 7 8 9 11 12 13 14 15 16 18 20 22 25 27 28 29 30 31 32 33 34 36 37 38 39 41 42 43 46 49 50 51 52 53 54 55
attribute 10
 4 5 6 7 8 9 11 12 13 14 15 16 18 20 22 25 27 28 29 30 31 32 33 34 36 37 38 39 41 42 43 46 48 49 50 51 52 53 54 55
***************************
sample 6
attribute 1
 1 2 3 4 5 6 7 8 9 10 11 12 13 14 15 16 17 18 19 20 21 22 23 24 25 26 27 28 29 30 31 32 33 34 35 36 37 38 39 40 41 42 43 44 45 46 47 48 49 50 51 52 53 54 55
attribute 2

attribute 3

attribute 4

attribute 5

attribute 6

attribute 7

attribute 8

attribute 9
 2 4 5 6 7 8 9 11 12 13 14 15 16 18 20 22 27 28 29 30 31 32 33 34 36 37 38 39 41 42 43 46 49 50 51 52 54
attribute 10
 4 5 6 7 8 9 11 12 13 14 15 16 18 20 22 28 29 30 31 32 33 34 36 37 39 41 42 43 46 48 49 50 51 53 54
***************************
sample 7
attribute 1
 1 2 3 4 5 6 7 8 9 10 11 12 13 14 15 16 17 18 19 20 21 22 23 24 25 26 27 28 29 30 31 32 33 34 35 36 37 38 39 40 41 42 43 44 45 46 47 48 49 50 51 52 53 54 55
attribute 2

attribute 3

attribute 4

attribute 5

attribute 6

attribute 7

attribute 8

attribute 9
 2 4 5 6 7 8 9 11 12 13 14 15 16 18 20 22 25 27 28 29 30 31 32 33 34 36 37 38 39 41 42 43 46 49 50 51 52 53 54 55
attribute 10
 27 38 52
***************************
sample 8
attribute 1
 1 2 3 4 5 6 7 8 9 10 11 12 13 14 15 16 17 18 19 20 21 22 23 24 25 26 27 28 29 30 31 32 33 34 35 36 37 38 39 40 41 42 43 44 45 46 47 48 49 50 51 52 53 54 55
attribute 2

attribute 3

attribute 4

attribute 5

attribute 6

attribute 7

attribute 8

attribute 9
 5 6 7 8 9 11 12 13 14 15 16 18 20 22 25 27 28 29 30 31 32 33 34 36 37 38 39 41 42 43 46 49 50 51 52 53 54 55
attribute 10
 5 6 7 8 9 11 12 13 14 15 16 18 20 22 25 27 28 29 30 31 32 33 34 36 37 38 39 41 42 43 46 48 49 50 51 52 53 54 55
***************************
sample 9
attribute 1
 1 2 3 4 5 6 7 8 9 10 11 12 13 14 15 16 17 18 19 20 21 22 23 24 25 26 27 28 29 30 31 32 33 34 35 36 37 38 39 40 41 42 43 44 45 46 47 48 49 50 51 52 53 54 55
attribute 2

attribute 3

attribute 4

attribute 5

attribute 6

attribute 7

attribute 8

attribute 9
 2 4 5 6 7 8 9 11 12 13 14 15 16 18 20 22 25 27 28 29 30 31 32 33 36 37 38 39 41 42 43 46 49 50 51 52 53 54 55
attribute 10
 4 5 6 7 8 9 11 12 13 14 15 16 18 20 22 28 29 30 31 32 33 36 37 39 41 42 43 46 48 49 50 51 54 55
[[ 1 2 3 4 5 6 7 8 9 10 11 12 13 14 15 16 17 18 19 20 21 22 23 24 25 26 27 28 29 30 31 32 33 34 35 36 37 38 39 40 41 42 43 44 45 46 47 48 49 50 51 52 53 54 55, , , , , , , ,  2 4 5 6 7 8 9 11 12 13 14 15 16 18 20 22 25 27 28 29 30 31 32 33 34 36 37 38 41 42 43 46 49 50 51 52 53 54 55,  2 4 5 6 7 8 9 11 12 13 14 15 16 18 20 22 25 27 28 29 30 31 32 33 34 36 37 38 41 42 43 46 48 49 50 51 52 53 54 55], [ 1 2 3 4 5 6 7 8 9 10 11 12 13 14 15 16 17 18 19 20 21 22 23 24 25 26 27 28 29 30 31 32 33 34 35 36 37 38 39 40 41 42 43 44 45 46 47 48 49 50 51 52 53 54 55, , , , , , , ,  2 4 5 6 7 8 9 11 12 13 14 15 16 18 20 22 25 27 28 29 30 31 32 33 36 37 38 39 41 42 43 46 49 50 51 52 53 54 55,  4 5 6 7 8 9 11 12 13 14 15 16 18 20 22 25 27 28 29 30 31 32 33 36 37 38 39 41 42 43 46 48 49 50 51 52 53 54 55], [ 1 2 3 4 5 6 7 8 9 10 11 12 13 14 15 16 17 18 19 20 21 22 23 24 25 26 27 28 29 30 31 32 33 34 35 36 37 38 39 40 41 42 43 44 45 46 47 48 49 50 51 52 53 54 55, , , , , , , ,  4 5 6 7 8 9 11 12 13 14 15 16 18 20 22 27 28 29 30 31 32 34 36 37 38 39 41 42 43 46 49 50 51 52 53 54 55,  4 5 6 7 8 9 11 12 13 14 15 16 18 20 22 27 28 29 30 31 32 34 36 37 38 39 41 42 43 46 48 49 50 51 52 53 54 55], [ 1 2 3 4 5 6 7 8 9 10 11 12 13 14 15 16 17 18 19 20 21 22 23 24 25 26 27 28 29 30 31 32 33 34 35 36 37 38 39 40 41 42 43 44 45 46 47 48 49 50 51 52 53 54 55, , , , , , , ,  2 4 5 6 7 8 9 11 12 13 14 15 16 18 20 22 27 28 29 30 31 32 33 34 36 37 38 39 41 42 43 46 49 50 51 52 53 54 55, ], [ 1 2 3 4 5 6 7 8 9 10 11 12 13 14 15 16 17 18 19 20 21 22 23 24 25 26 27 28 29 30 31 32 33 34 35 36 37 38 39 40 41 42 43 44 45 46 47 48 49 50 51 52 53 54 55, , , , , , , ,  4 5 6 7 8 9 11 12 13 14 15 16 18 20 22 25 27 28 29 30 31 32 33 34 36 37 38 41 42 43 46 49 50 51 52 53 54 55,  5 6 7 8 9 11 12 13 14 15 16 18 20 22 25 27 28 29 30 31 32 33 34 36 37 38 41 42 43 46 48 49 50 51 52 53 54 55], [ 1 2 3 4 5 6 7 8 9 10 11 12 13 14 15 16 17 18 19 20 21 22 23 24 25 26 27 28 29 30 31 32 33 34 35 36 37 38 39 40 41 42 43 44 45 46 47 48 49 50 51 52 53 54 55, , , , , , , ,  4 5 6 7 8 9 11 12 13 14 15 16 18 20 22 25 27 28 29 30 31 32 33 34 36 37 38 39 41 42 43 46 49 50 51 52 53 54 55,  4 5 6 7 8 9 11 12 13 14 15 16 18 20 22 25 27 28 29 30 31 32 33 34 36 37 38 39 41 42 43 46 48 49 50 51 52 53 54 55], [ 1 2 3 4 5 6 7 8 9 10 11 12 13 14 15 16 17 18 19 20 21 22 23 24 25 26 27 28 29 30 31 32 33 34 35 36 37 38 39 40 41 42 43 44 45 46 47 48 49 50 51 52 53 54 55, , , , , , , ,  2 4 5 6 7 8 9 11 12 13 14 15 16 18 20 22 27 28 29 30 31 32 33 34 36 37 38 39 41 42 43 46 49 50 51 52 54,  4 5 6 7 8 9 11 12 13 14 15 16 18 20 22 28 29 30 31 32 33 34 36 37 39 41 42 43 46 48 49 50 51 53 54], [ 1 2 3 4 5 6 7 8 9 10 11 12 13 14 15 16 17 18 19 20 21 22 23 24 25 26 27 28 29 30 31 32 33 34 35 36 37 38 39 40 41 42 43 44 45 46 47 48 49 50 51 52 53 54 55, , , , , , , ,  2 4 5 6 7 8 9 11 12 13 14 15 16 18 20 22 25 27 28 29 30 31 32 33 34 36 37 38 39 41 42 43 46 49 50 51 52 53 54 55,  27 38 52], [ 1 2 3 4 5 6 7 8 9 10 11 12 13 14 15 16 17 18 19 20 21 22 23 24 25 26 27 28 29 30 31 32 33 34 35 36 37 38 39 40 41 42 43 44 45 46 47 48 49 50 51 52 53 54 55, , , , , , , ,  5 6 7 8 9 11 12 13 14 15 16 18 20 22 25 27 28 29 30 31 32 33 34 36 37 38 39 41 42 43 46 49 50 51 52 53 54 55,  5 6 7 8 9 11 12 13 14 15 16 18 20 22 25 27 28 29 30 31 32 33 34 36 37 38 39 41 42 43 46 48 49 50 51 52 53 54 55], [ 1 2 3 4 5 6 7 8 9 10 11 12 13 14 15 16 17 18 19 20 21 22 23 24 25 26 27 28 29 30 31 32 33 34 35 36 37 38 39 40 41 42 43 44 45 46 47 48 49 50 51 52 53 54 55, , , , , , , ,  2 4 5 6 7 8 9 11 12 13 14 15 16 18 20 22 25 27 28 29 30 31 32 33 36 37 38 39 41 42 43 46 49 50 51 52 53 54 55,  4 5 6 7 8 9 11 12 13 14 15 16 18 20 22 28 29 30 31 32 33 36 37 39 41 42 43 46 48 49 50 51 54 55]]
