**********
初始标注=2.5%（25/1000）   μ1=10% μ2=25%
元组实体序号：[2, 5, 10, 13, 25, 31, 35, 38, 39, 43, 50, 60, 91, 104, 112, 130, 132, 145, 149, 154, 156, 167, 174, 205, 209, 259, 324, 407, 408, 467, 692, 837, 1959, 2024, 2047, 2115, 2281, 2328, 2350, 2355, 2500, 3076, 3608, 3623, 3634, 3641, 3645, 3650, 3659, 3727, 4500, 4501, 4632, 4680, 4701, 4767, 4815, 5121, 5170, 5229, 5269, 5312, 5480, 5956, 6029, 6220, 6418, 6514, 6518, 6521, 7150, 7237, 7300, 7309, 7310, 7327, 7477, 7485, 7634, 7824, 8516, 8543, 8544, 8863, 8915, 9280, 9372, 9394, 9493]
增强数目：11
**********
初始标注=7.5%（75/1000）   μ1=10% μ2=25%
元组实体序号：[2, 5, 10, 13, 25, 31, 35, 38, 39, 43, 50, 60, 91, 104, 112, 130, 132, 145, 149, 154, 156, 167, 174, 205, 209, 251, 254, 257, 259, 273, 275, 280, 302, 314, 315, 324, 342, 376, 382, 398, 407, 408, 428, 441, 462, 467, 483, 496, 498, 517, 528, 535, 552, 565, 600, 611, 625, 646, 649, 655, 660, 669, 671, 673, 676, 684, 692, 731, 734, 746, 756, 768, 774, 776, 789, 3534, 8208, 8649]
增强数目：22
**********
初始标注=12.5%（125/1000）   μ1=10% μ2=25%
元组实体序号：[2, 5, 10, 13, 25, 31, 35, 38, 39, 43, 50, 60, 91, 104, 112, 130, 132, 145, 149, 154, 156, 167, 174, 205, 209, 251, 254, 257, 259, 273, 275, 280, 302, 314, 315, 324, 342, 376, 382, 398, 407, 408, 428, 441, 462, 467, 483, 496, 498, 517, 528, 535, 552, 565, 600, 611, 625, 646, 649, 655, 660, 669, 671, 673, 676, 684, 692, 731, 734, 746, 756, 768, 774, 776, 789, 791, 798, 801, 831, 837, 843, 848, 852, 859, 908, 961, 965, 997, 1000, 1001, 1011, 1074, 1080, 1083, 1084, 1086, 1107, 1113, 1152, 1154, 1166, 1183, 1224, 1226, 1234, 1237, 1239, 1240, 1286, 1288, 1294, 1298, 1304, 1308, 1313, 1317, 1318, 1331, 1333, 1335, 1341, 1342, 1343, 1350, 1365]
增强数目：0
**********
初始标注=17.5%（175/1000）   μ1=10% μ2=25%
元组实体序号：[2, 5, 10, 13, 25, 31, 35, 38, 39, 43, 50, 60, 91, 104, 112, 130, 132, 145, 149, 154, 156, 167, 174, 205, 209, 251, 254, 257, 259, 273, 275, 280, 302, 314, 315, 324, 342, 376, 382, 398, 407, 408, 428, 441, 462, 467, 483, 496, 498, 517, 528, 535, 552, 565, 600, 611, 625, 646, 649, 655, 660, 669, 671, 673, 676, 684, 692, 731, 734, 746, 756, 768, 774, 776, 789, 791, 798, 801, 831, 837, 843, 848, 852, 859, 908, 961, 965, 997, 1000, 1001, 1011, 1074, 1080, 1083, 1084, 1086, 1107, 1113, 1152, 1154, 1166, 1183, 1224, 1226, 1234, 1237, 1239, 1240, 1286, 1288, 1294, 1298, 1304, 1308, 1313, 1317, 1318, 1331, 1333, 1335, 1341, 1342, 1343, 1350, 1365, 1388, 1393, 1403, 1406, 1411, 1416, 1438, 1440, 1450, 1462, 1468, 1472, 1486, 1503, 1507, 1546, 1557, 1570, 1573, 1583, 1588, 1611, 1614, 1631, 1633, 1641, 1642, 1646, 1651, 1686, 1696, 1703, 1717, 1723, 1740, 1745, 1752, 1753, 1754, 1800, 1871, 1874, 1926, 1940, 1959, 1961, 1963, 1968, 1985, 1995]
增强数目：0
**********
初始标注=22.5%（225/8990）   μ1=10% μ2=25%
元组实体序号：[2, 5, 10, 13, 25, 31, 35, 38, 39, 43, 50, 60, 91, 104, 112, 130, 132, 145, 149, 154, 156, 167, 174, 205, 209, 251, 254, 257, 259, 273, 275, 280, 302, 314, 315, 324, 342, 376, 382, 398, 407, 408, 428, 441, 462, 467, 483, 496, 498, 517, 528, 535, 552, 565, 600, 611, 625, 646, 649, 655, 660, 669, 671, 673, 676, 684, 692, 731, 734, 746, 756, 768, 774, 776, 789, 791, 798, 801, 831, 837, 843, 848, 852, 859, 908, 961, 965, 997, 1000, 1001, 1011, 1074, 1080, 1083, 1084, 1086, 1107, 1113, 1152, 1154, 1166, 1183, 1224, 1226, 1234, 1237, 1239, 1240, 1286, 1288, 1294, 1298, 1304, 1308, 1313, 1317, 1318, 1331, 1333, 1335, 1341, 1342, 1343, 1350, 1365, 1388, 1393, 1403, 1406, 1411, 1416, 1438, 1440, 1450, 1462, 1468, 1472, 1486, 1503, 1507, 1546, 1557, 1570, 1573, 1583, 1588, 1611, 1614, 1631, 1633, 1641, 1642, 1646, 1651, 1686, 1696, 1703, 1717, 1723, 1740, 1745, 1752, 1753, 1754, 1800, 1871, 1874, 1926, 1940, 1959, 1961, 1963, 1968, 1985, 1995, 1999, 2010, 2014, 2024, 2026, 2047, 2051, 2053, 2073, 2079, 2091, 2108, 2110, 2111, 2112, 2115, 2120, 2121, 2152, 2161, 2175, 2176, 2180, 2211, 2220, 2223, 2226, 2247, 2268, 2272, 2273, 2281, 2305, 2309, 2318, 2320, 2323, 2328, 2332, 2350, 2355, 2358, 2365, 2396, 2402, 2417, 2423, 2442, 2445, 2447]
增强数目：0
**********
初始标注=3%（30/1000）   μ1=15% μ2=30%
元组实体序号：[2, 5, 10, 13, 25, 31, 35, 38, 39, 43, 50, 60, 91, 104, 112, 130, 132, 145, 149, 154, 156, 167, 174, 205, 209, 251, 254, 257, 259, 273, 746, 1968, 2014, 2051, 2053, 2120, 2611, 2710, 3017, 3547, 4051, 5268, 5316, 5479, 5485, 5765, 5953, 6018, 6021, 6507, 7314, 7903, 8208, 8280, 8649, 8792, 9293, 9296]
增强数目：92
**********
初始标注=9%（90/1000）   μ1=15% μ2=30%
元组实体序号：[2, 5, 10, 13, 25, 31, 35, 38, 39, 43, 50, 60, 91, 104, 112, 130, 132, 145, 149, 154, 156, 167, 174, 205, 209, 251, 254, 257, 259, 273, 275, 280, 302, 314, 315, 324, 342, 376, 382, 398, 407, 408, 428, 441, 462, 467, 483, 496, 498, 517, 528, 535, 552, 565, 600, 611, 625, 646, 649, 655, 660, 669, 671, 673, 676, 684, 692, 731, 734, 746, 756, 768, 774, 776, 789, 791, 798, 801, 831, 837, 843, 848, 852, 859, 908, 961, 965, 997, 1000, 1001, 1985, 2014, 2220, 2223, 2861, 3017, 3050, 3186, 3260, 3262, 3265, 3435, 3534, 3693, 4337, 4343, 4389, 5038, 7029, 7441, 7540, 7614, 7669, 7739, 7934, 8208, 8705, 8792, 9026, 9133, 9143, 9194, 9268]
增强数目：27
**********
初始标注=15%（150/1000）   μ1=15% μ2=30%
元组实体序号：[2, 5, 10, 13, 25, 31, 35, 38, 39, 43, 50, 60, 91, 104, 112, 130, 132, 145, 149, 154, 156, 167, 174, 205, 209, 251, 254, 257, 259, 273, 275, 280, 302, 314, 315, 324, 342, 376, 382, 398, 407, 408, 428, 441, 462, 467, 483, 496, 498, 517, 528, 535, 552, 565, 600, 611, 625, 646, 649, 655, 660, 669, 671, 673, 676, 684, 692, 731, 734, 746, 756, 768, 774, 776, 789, 791, 798, 801, 831, 837, 843, 848, 852, 859, 908, 961, 965, 997, 1000, 1001, 1011, 1074, 1080, 1083, 1084, 1086, 1107, 1113, 1152, 1154, 1166, 1183, 1224, 1226, 1234, 1237, 1239, 1240, 1286, 1288, 1294, 1298, 1304, 1308, 1313, 1317, 1318, 1331, 1333, 1335, 1341, 1342, 1343, 1350, 1365, 1388, 1393, 1403, 1406, 1411, 1416, 1438, 1440, 1450, 1462, 1468, 1472, 1486, 1503, 1507, 1546, 1557, 1570, 1573, 1583, 1588, 1611, 1614, 1631, 1633]
增强数目：0
**********
初始标注=21%（210/1000）   μ1=15% μ2=30%
元组实体序号：[2, 5, 10, 13, 25, 31, 35, 38, 39, 43, 50, 60, 91, 104, 112, 130, 132, 145, 149, 154, 156, 167, 174, 205, 209, 251, 254, 257, 259, 273, 275, 280, 302, 314, 315, 324, 342, 376, 382, 398, 407, 408, 428, 441, 462, 467, 483, 496, 498, 517, 528, 535, 552, 565, 600, 611, 625, 646, 649, 655, 660, 669, 671, 673, 676, 684, 692, 731, 734, 746, 756, 768, 774, 776, 789, 791, 798, 801, 831, 837, 843, 848, 852, 859, 908, 961, 965, 997, 1000, 1001, 1011, 1074, 1080, 1083, 1084, 1086, 1107, 1113, 1152, 1154, 1166, 1183, 1224, 1226, 1234, 1237, 1239, 1240, 1286, 1288, 1294, 1298, 1304, 1308, 1313, 1317, 1318, 1331, 1333, 1335, 1341, 1342, 1343, 1350, 1365, 1388, 1393, 1403, 1406, 1411, 1416, 1438, 1440, 1450, 1462, 1468, 1472, 1486, 1503, 1507, 1546, 1557, 1570, 1573, 1583, 1588, 1611, 1614, 1631, 1633, 1641, 1642, 1646, 1651, 1686, 1696, 1703, 1717, 1723, 1740, 1745, 1752, 1753, 1754, 1800, 1871, 1874, 1926, 1940, 1959, 1961, 1963, 1968, 1985, 1995, 1999, 2010, 2014, 2024, 2026, 2047, 2051, 2053, 2073, 2079, 2091, 2108, 2110, 2111, 2112, 2115, 2120, 2121, 2152, 2161, 2175, 2176, 2180, 2211, 2220, 2223, 2226, 2247, 2268, 2272, 2273, 2281, 2305, 2309, 2318]
增强数目：0
**********
初始标注=27%（270/1000）   μ1=15% μ2=30%
元组实体序号：[2, 5, 10, 13, 25, 31, 35, 38, 39, 43, 50, 60, 91, 104, 112, 130, 132, 145, 149, 154, 156, 167, 174, 205, 209, 251, 254, 257, 259, 273, 275, 280, 302, 314, 315, 324, 342, 376, 382, 398, 407, 408, 428, 441, 462, 467, 483, 496, 498, 517, 528, 535, 552, 565, 600, 611, 625, 646, 649, 655, 660, 669, 671, 673, 676, 684, 692, 731, 734, 746, 756, 768, 774, 776, 789, 791, 798, 801, 831, 837, 843, 848, 852, 859, 908, 961, 965, 997, 1000, 1001, 1011, 1074, 1080, 1083, 1084, 1086, 1107, 1113, 1152, 1154, 1166, 1183, 1224, 1226, 1234, 1237, 1239, 1240, 1286, 1288, 1294, 1298, 1304, 1308, 1313, 1317, 1318, 1331, 1333, 1335, 1341, 1342, 1343, 1350, 1365, 1388, 1393, 1403, 1406, 1411, 1416, 1438, 1440, 1450, 1462, 1468, 1472, 1486, 1503, 1507, 1546, 1557, 1570, 1573, 1583, 1588, 1611, 1614, 1631, 1633, 1641, 1642, 1646, 1651, 1686, 1696, 1703, 1717, 1723, 1740, 1745, 1752, 1753, 1754, 1800, 1871, 1874, 1926, 1940, 1959, 1961, 1963, 1968, 1985, 1995, 1999, 2010, 2014, 2024, 2026, 2047, 2051, 2053, 2073, 2079, 2091, 2108, 2110, 2111, 2112, 2115, 2120, 2121, 2152, 2161, 2175, 2176, 2180, 2211, 2220, 2223, 2226, 2247, 2268, 2272, 2273, 2281, 2305, 2309, 2318, 2320, 2323, 2328, 2332, 2350, 2355, 2358, 2365, 2396, 2402, 2417, 2423, 2442, 2445, 2447, 2451, 2457, 2479, 2500, 2535, 2543, 2548, 2549, 2552, 2558, 2580, 2589, 2605, 2611, 2625, 2631, 2648, 2649, 2650, 2672, 2685, 2687, 2691, 2692, 2710, 2712, 2713, 2743, 2746, 2755, 2763, 2777, 2780, 2798, 2806, 2825, 2827, 2831, 2832, 2843, 2845, 2858, 2861, 2877, 2881]
增强数目：0
**********
初始标注=3.5%（35/1000）   μ1=20% μ2=35%
元组实体序号：[2, 5, 10, 13, 25, 31, 35, 38, 39, 43, 50, 60, 91, 104, 112, 130, 132, 145, 149, 154, 156, 167, 174, 205, 209, 251, 254, 257, 259, 273, 275, 280, 302, 314, 315, 9584]
增强数目：3
**********
初始标注=10.5%（105/1000）   μ1=20% μ2=35%
元组实体序号：[2, 5, 10, 13, 25, 31, 35, 38, 39, 43, 50, 60, 91, 104, 112, 130, 132, 145, 149, 154, 156, 167, 174, 205, 209, 251, 254, 257, 259, 273, 275, 280, 302, 314, 315, 324, 342, 376, 382, 398, 407, 408, 428, 441, 462, 467, 483, 496, 498, 517, 528, 535, 552, 565, 600, 611, 625, 646, 649, 655, 660, 669, 671, 673, 676, 684, 692, 731, 734, 746, 756, 768, 774, 776, 789, 791, 798, 801, 831, 837, 843, 848, 852, 859, 908, 961, 965, 997, 1000, 1001, 1011, 1074, 1080, 1083, 1084, 1086, 1107, 1113, 1152, 1154, 1166, 1183, 1224, 1226, 1234, 9584]
增强数目：94
**********
初始标注=17.5%（175/1000）   μ1=20% μ2=35%
元组实体序号：[2, 5, 10, 13, 25, 31, 35, 38, 39, 43, 50, 60, 91, 104, 112, 130, 132, 145, 149, 154, 156, 167, 174, 205, 209, 251, 254, 257, 259, 273, 275, 280, 302, 314, 315, 324, 342, 376, 382, 398, 407, 408, 428, 441, 462, 467, 483, 496, 498, 517, 528, 535, 552, 565, 600, 611, 625, 646, 649, 655, 660, 669, 671, 673, 676, 684, 692, 731, 734, 746, 756, 768, 774, 776, 789, 791, 798, 801, 831, 837, 843, 848, 852, 859, 908, 961, 965, 997, 1000, 1001, 1011, 1074, 1080, 1083, 1084, 1086, 1107, 1113, 1152, 1154, 1166, 1183, 1224, 1226, 1234, 1237, 1239, 1240, 1286, 1288, 1294, 1298, 1304, 1308, 1313, 1317, 1318, 1331, 1333, 1335, 1341, 1342, 1343, 1350, 1365, 1388, 1393, 1403, 1406, 1411, 1416, 1438, 1440, 1450, 1462, 1468, 1472, 1486, 1503, 1507, 1546, 1557, 1570, 1573, 1583, 1588, 1611, 1614, 1631, 1633, 1641, 1642, 1646, 1651, 1686, 1696, 1703, 1717, 1723, 1740, 1745, 1752, 1753, 1754, 1800, 1871, 1874, 1926, 1940, 1959, 1961, 1963, 1968, 1985, 1995, 9584]
增强数目：24
**********
初始标注=24.5%（245/1000）   μ1=20% μ2=35%
元组实体序号：[2, 5, 10, 13, 25, 31, 35, 38, 39, 43, 50, 60, 91, 104, 112, 130, 132, 145, 149, 154, 156, 167, 174, 205, 209, 251, 254, 257, 259, 273, 275, 280, 302, 314, 315, 324, 342, 376, 382, 398, 407, 408, 428, 441, 462, 467, 483, 496, 498, 517, 528, 535, 552, 565, 600, 611, 625, 646, 649, 655, 660, 669, 671, 673, 676, 684, 692, 731, 734, 746, 756, 768, 774, 776, 789, 791, 798, 801, 831, 837, 843, 848, 852, 859, 908, 961, 965, 997, 1000, 1001, 1011, 1074, 1080, 1083, 1084, 1086, 1107, 1113, 1152, 1154, 1166, 1183, 1224, 1226, 1234, 1237, 1239, 1240, 1286, 1288, 1294, 1298, 1304, 1308, 1313, 1317, 1318, 1331, 1333, 1335, 1341, 1342, 1343, 1350, 1365, 1388, 1393, 1403, 1406, 1411, 1416, 1438, 1440, 1450, 1462, 1468, 1472, 1486, 1503, 1507, 1546, 1557, 1570, 1573, 1583, 1588, 1611, 1614, 1631, 1633, 1641, 1642, 1646, 1651, 1686, 1696, 1703, 1717, 1723, 1740, 1745, 1752, 1753, 1754, 1800, 1871, 1874, 1926, 1940, 1959, 1961, 1963, 1968, 1985, 1995, 1999, 2010, 2014, 2024, 2026, 2047, 2051, 2053, 2073, 2079, 2091, 2108, 2110, 2111, 2112, 2115, 2120, 2121, 2152, 2161, 2175, 2176, 2180, 2211, 2220, 2223, 2226, 2247, 2268, 2272, 2273, 2281, 2305, 2309, 2318, 2320, 2323, 2328, 2332, 2350, 2355, 2358, 2365, 2396, 2402, 2417, 2423, 2442, 2445, 2447, 2451, 2457, 2479, 2500, 2535, 2543, 2548, 2549, 2552, 2558, 2580, 2589, 2605, 2611, 2625, 2631, 2648, 2649, 2650, 2672]
增强数目：0
**********
初始标注=31.5%（315/1000）   μ1=20% μ2=35%
元组实体序号：[2, 5, 10, 13, 25, 31, 35, 38, 39, 43, 50, 60, 91, 104, 112, 130, 132, 145, 149, 154, 156, 167, 174, 205, 209, 251, 254, 257, 259, 273, 275, 280, 302, 314, 315, 324, 342, 376, 382, 398, 407, 408, 428, 441, 462, 467, 483, 496, 498, 517, 528, 535, 552, 565, 600, 611, 625, 646, 649, 655, 660, 669, 671, 673, 676, 684, 692, 731, 734, 746, 756, 768, 774, 776, 789, 791, 798, 801, 831, 837, 843, 848, 852, 859, 908, 961, 965, 997, 1000, 1001, 1011, 1074, 1080, 1083, 1084, 1086, 1107, 1113, 1152, 1154, 1166, 1183, 1224, 1226, 1234, 1237, 1239, 1240, 1286, 1288, 1294, 1298, 1304, 1308, 1313, 1317, 1318, 1331, 1333, 1335, 1341, 1342, 1343, 1350, 1365, 1388, 1393, 1403, 1406, 1411, 1416, 1438, 1440, 1450, 1462, 1468, 1472, 1486, 1503, 1507, 1546, 1557, 1570, 1573, 1583, 1588, 1611, 1614, 1631, 1633, 1641, 1642, 1646, 1651, 1686, 1696, 1703, 1717, 1723, 1740, 1745, 1752, 1753, 1754, 1800, 1871, 1874, 1926, 1940, 1959, 1961, 1963, 1968, 1985, 1995, 1999, 2010, 2014, 2024, 2026, 2047, 2051, 2053, 2073, 2079, 2091, 2108, 2110, 2111, 2112, 2115, 2120, 2121, 2152, 2161, 2175, 2176, 2180, 2211, 2220, 2223, 2226, 2247, 2268, 2272, 2273, 2281, 2305, 2309, 2318, 2320, 2323, 2328, 2332, 2350, 2355, 2358, 2365, 2396, 2402, 2417, 2423, 2442, 2445, 2447, 2451, 2457, 2479, 2500, 2535, 2543, 2548, 2549, 2552, 2558, 2580, 2589, 2605, 2611, 2625, 2631, 2648, 2649, 2650, 2672, 2685, 2687, 2691, 2692, 2710, 2712, 2713, 2743, 2746, 2755, 2763, 2777, 2780, 2798, 2806, 2825, 2827, 2831, 2832, 2843, 2845, 2858, 2861, 2877, 2881, 2885, 2889, 2895, 2916, 2918, 2936, 2951, 2955, 2962, 2963, 2969, 2974, 2995, 3002, 3017, 3024, 3026, 3040, 3050, 3060, 3076, 3081, 3086, 3111, 3120, 3135, 3136, 3162, 3167, 3176, 3181, 3186, 3194, 3202, 3209, 3225, 3245, 3251, 3259, 3260, 3262, 3263, 3265, 3270, 3291]
增强数目：0
**********
初始标注=5%（50/1000）   μ1=30% μ2=50%
元组实体序号：[2, 5, 10, 13, 25, 31, 35, 38, 39, 43, 50, 60, 91, 104, 112, 130, 132, 145, 149, 154, 156, 167, 174, 205, 209, 251, 254, 257, 259, 273, 275, 280, 302, 314, 315, 324, 342, 376, 382, 398, 407, 408, 428, 441, 462, 467, 483, 496, 498, 517, 4051, 8208, 8280, 673, 692, 746, 756, 859, 965, 1365, 1614, '1641, 1646, 1874, 2111, 2500, 2777, 3040, 3076, 3081, 3086, 3162, 3549, 4306, 4569, 4576, 4680, 4739, 5143, 5214, 5400, 5446, 5700, 5807, 5808, 6188, 7150, 7151, 7152, 7241, 7328, 8009, 8040, 8206, 8216, 8476, 9223, 9224, 9584]
]
增强数目：201
**********
初始标注=15%（150/1000）   μ1=30% μ2=50%
元组实体序号：[2, 5, 10, 13, 25, 31, 35, 38, 39, 43, 50, 60, 91, 104, 112, 130, 132, 145, 149, 154, 156, 167, 174, 205, 209, 251, 254, 257, 259, 273, 275, 280, 302, 314, 315, 324, 342, 376, 382, 398, 407, 408, 428, 441, 462, 467, 483, 496, 498, 517, 528, 535, 552, 565, 600, 611, 625, 646, 649, 655, 660, 669, 671, 673, 676, 684, 692, 731, 734, 746, 756, 768, 774, 776, 789, 791, 798, 801, 831, 837, 843, 848, 852, 859, 908, 961, 965, 997, 1000, 1001, 1011, 1074, 1080, 1083, 1084, 1086, 1107, 1113, 1152, 1154, 1166, 1183, 1224, 1226, 1234, 1237, 1239, 1240, 1286, 1288, 1294, 1298, 1304, 1308, 1313, 1317, 1318, 1331, 1333, 1335, 1341, 1342, 1343, 1350, 1365, 1388, 1393, 1403, 1406, 1411, 1416, 1438, 1440, 1450, 1462, 1468, 1472, 1486, 1503, 1507, 1546, 1557, 1570, 1573, 1583, 1588, 1611, 1614, 1631, 1633, 2091, 2152, 2161, 2226, 2877, 2951, 3017, 3120, 3194, 3512, 3513, 3584, 3773, 3775, 3839, 4012, 4136, 4149, 4150, 4153, 4219, 4231, 4244, 4462, 4866, 4868, 4981, 5036, 5050, 5185, 5418, 5419, 5619, 6068, 7346, 7413, 7416, 7422, 7733, 8173, 8178, 8180, 8297, 9130, 9516]
增强数目：105
**********
初始标注=25%（250/1000）   μ1=30% μ2=50%
元组实体序号：[2, 5, 10, 13, 25, 31, 35, 38, 39, 43, 50, 60, 91, 104, 112, 130, 132, 145, 149, 154, 156, 167, 174, 205, 209, 251, 254, 257, 259, 273, 275, 280, 302, 314, 315, 324, 342, 376, 382, 398, 407, 408, 428, 441, 462, 467, 483, 496, 498, 517, 528, 535, 552, 565, 600, 611, 625, 646, 649, 655, 660, 669, 671, 673, 676, 684, 692, 731, 734, 746, 756, 768, 774, 776, 789, 791, 798, 801, 831, 837, 843, 848, 852, 859, 908, 961, 965, 997, 1000, 1001, 1011, 1074, 1080, 1083, 1084, 1086, 1107, 1113, 1152, 1154, 1166, 1183, 1224, 1226, 1234, 1237, 1239, 1240, 1286, 1288, 1294, 1298, 1304, 1308, 1313, 1317, 1318, 1331, 1333, 1335, 1341, 1342, 1343, 1350, 1365, 1388, 1393, 1403, 1406, 1411, 1416, 1438, 1440, 1450, 1462, 1468, 1472, 1486, 1503, 1507, 1546, 1557, 1570, 1573, 1583, 1588, 1611, 1614, 1631, 1633, 1641, 1642, 1646, 1651, 1686, 1696, 1703, 1717, 1723, 1740, 1745, 1752, 1753, 1754, 1800, 1871, 1874, 1926, 1940, 1959, 1961, 1963, 1968, 1985, 1995, 1999, 2010, 2014, 2024, 2026, 2047, 2051, 2053, 2073, 2079, 2091, 2108, 2110, 2111, 2112, 2115, 2120, 2121, 2152, 2161, 2175, 2176, 2180, 2211, 2220, 2223, 2226, 2247, 2268, 2272, 2273, 2281, 2305, 2309, 2318, 2320, 2323, 2328, 2332, 2350, 2355, 2358, 2365, 2396, 2402, 2417, 2423, 2442, 2445, 2447, 2451, 2457, 2479, 2500, 2535, 2543, 2548, 2549, 2552, 2558, 2580, 2589, 2605, 2611, 2625, 2631, 2648, 2649, 2650, 2672, 2685, 2687, 2691, 2692, 2710, 2743, 2746, 2798, 3017, 3259, 3373, 9293, 9584]
增强数目：42
**********
初始标注=35%（350/1000）   μ1=30% μ2=50%
元组实体序号：[2, 5, 10, 13, 25, 31, 35, 38, 39, 43, 50, 60, 91, 104, 112, 130, 132, 145, 149, 154, 156, 167, 174, 205, 209, 251, 254, 257, 259, 273, 275, 280, 302, 314, 315, 324, 342, 376, 382, 398, 407, 408, 428, 441, 462, 467, 483, 496, 498, 517, 528, 535, 552, 565, 600, 611, 625, 646, 649, 655, 660, 669, 671, 673, 676, 684, 692, 731, 734, 746, 756, 768, 774, 776, 789, 791, 798, 801, 831, 837, 843, 848, 852, 859, 908, 961, 965, 997, 1000, 1001, 1011, 1074, 1080, 1083, 1084, 1086, 1107, 1113, 1152, 1154, 1166, 1183, 1224, 1226, 1234, 1237, 1239, 1240, 1286, 1288, 1294, 1298, 1304, 1308, 1313, 1317, 1318, 1331, 1333, 1335, 1341, 1342, 1343, 1350, 1365, 1388, 1393, 1403, 1406, 1411, 1416, 1438, 1440, 1450, 1462, 1468, 1472, 1486, 1503, 1507, 1546, 1557, 1570, 1573, 1583, 1588, 1611, 1614, 1631, 1633, 1641, 1642, 1646, 1651, 1686, 1696, 1703, 1717, 1723, 1740, 1745, 1752, 1753, 1754, 1800, 1871, 1874, 1926, 1940, 1959, 1961, 1963, 1968, 1985, 1995, 1999, 2010, 2014, 2024, 2026, 2047, 2051, 2053, 2073, 2079, 2091, 2108, 2110, 2111, 2112, 2115, 2120, 2121, 2152, 2161, 2175, 2176, 2180, 2211, 2220, 2223, 2226, 2247, 2268, 2272, 2273, 2281, 2305, 2309, 2318, 2320, 2323, 2328, 2332, 2350, 2355, 2358, 2365, 2396, 2402, 2417, 2423, 2442, 2445, 2447, 2451, 2457, 2479, 2500, 2535, 2543, 2548, 2549, 2552, 2558, 2580, 2589, 2605, 2611, 2625, 2631, 2648, 2649, 2650, 2672, 2685, 2687, 2691, 2692, 2710, 2712, 2713, 2743, 2746, 2755, 2763, 2777, 2780, 2798, 2806, 2825, 2827, 2831, 2832, 2843, 2845, 2858, 2861, 2877, 2881, 2885, 2889, 2895, 2916, 2918, 2936, 2951, 2955, 2962, 2963, 2969, 2974, 2995, 3002, 3017, 3024, 3026, 3040, 3050, 3060, 3076, 3081, 3086, 3111, 3120, 3135, 3136, 3162, 3167, 3176, 3181, 3186, 3194, 3202, 3209, 3225, 3245, 3251, 3259, 3260, 3262, 3263, 3265, 3270, 3291, 3296, 3302, 3307, 3314, 3316, 3319, 3324, 3343, 3351, 3358, 3361, 3373, 3387, 3398, 3399, 3418, 3424, 3433, 3435, 3453, 3461, 3462, 3478, 3483, 3484, 3503, 3511, 3512, 3513, 3534, 3544, 3546, 3547, 3549, 3568]
增强数目：0
**********
初始标注=45%（450/1000）   μ1=30% μ2=50%
元组实体序号：[2, 5, 10, 13, 25, 31, 35, 38, 39, 43, 50, 60, 91, 104, 112, 130, 132, 145, 149, 154, 156, 167, 174, 205, 209, 251, 254, 257, 259, 273, 275, 280, 302, 314, 315, 324, 342, 376, 382, 398, 407, 408, 428, 441, 462, 467, 483, 496, 498, 517, 528, 535, 552, 565, 600, 611, 625, 646, 649, 655, 660, 669, 671, 673, 676, 684, 692, 731, 734, 746, 756, 768, 774, 776, 789, 791, 798, 801, 831, 837, 843, 848, 852, 859, 908, 961, 965, 997, 1000, 1001, 1011, 1074, 1080, 1083, 1084, 1086, 1107, 1113, 1152, 1154, 1166, 1183, 1224, 1226, 1234, 1237, 1239, 1240, 1286, 1288, 1294, 1298, 1304, 1308, 1313, 1317, 1318, 1331, 1333, 1335, 1341, 1342, 1343, 1350, 1365, 1388, 1393, 1403, 1406, 1411, 1416, 1438, 1440, 1450, 1462, 1468, 1472, 1486, 1503, 1507, 1546, 1557, 1570, 1573, 1583, 1588, 1611, 1614, 1631, 1633, 1641, 1642, 1646, 1651, 1686, 1696, 1703, 1717, 1723, 1740, 1745, 1752, 1753, 1754, 1800, 1871, 1874, 1926, 1940, 1959, 1961, 1963, 1968, 1985, 1995, 1999, 2010, 2014, 2024, 2026, 2047, 2051, 2053, 2073, 2079, 2091, 2108, 2110, 2111, 2112, 2115, 2120, 2121, 2152, 2161, 2175, 2176, 2180, 2211, 2220, 2223, 2226, 2247, 2268, 2272, 2273, 2281, 2305, 2309, 2318, 2320, 2323, 2328, 2332, 2350, 2355, 2358, 2365, 2396, 2402, 2417, 2423, 2442, 2445, 2447, 2451, 2457, 2479, 2500, 2535, 2543, 2548, 2549, 2552, 2558, 2580, 2589, 2605, 2611, 2625, 2631, 2648, 2649, 2650, 2672, 2685, 2687, 2691, 2692, 2710, 2712, 2713, 2743, 2746, 2755, 2763, 2777, 2780, 2798, 2806, 2825, 2827, 2831, 2832, 2843, 2845, 2858, 2861, 2877, 2881, 2885, 2889, 2895, 2916, 2918, 2936, 2951, 2955, 2962, 2963, 2969, 2974, 2995, 3002, 3017, 3024, 3026, 3040, 3050, 3060, 3076, 3081, 3086, 3111, 3120, 3135, 3136, 3162, 3167, 3176, 3181, 3186, 3194, 3202, 3209, 3225, 3245, 3251, 3259, 3260, 3262, 3263, 3265, 3270, 3291, 3296, 3302, 3307, 3314, 3316, 3319, 3324, 3343, 3351, 3358, 3361, 3373, 3387, 3398, 3399, 3418, 3424, 3433, 3435, 3453, 3461, 3462, 3478, 3483, 3484, 3503, 3511, 3512, 3513, 3534, 3544, 3546, 3547, 3549, 3568, 3571, 3584, 3608, 3623, 3625, 3627, 3632, 3634, 3641, 3643, 3645, 3650, 3659, 3666, 3667, 3674, 3681, 3693, 3705, 3719, 3725, 3727, 3733, 3764, 3771, 3773, 3775, 3784, 3793, 3794, 3795, 3796, 3819, 3839, 3856, 3860, 3871, 3874, 3886, 3901, 3922, 3951, 3954, 3961, 3980, 3983, 4002, 4012, 4027, 4031, 4034, 4036, 4051, 4063, 4072, 4090, 4094, 4096, 4108, 4111, 4121, 4136, 4149, 4150, 4153, 4178, 4182, 4186, 4193, 4199, 4205, 4212, 4219, 4227, 4231, 4244, 4259, 4280, 4292, 4306, 4318, 4323, 4334, 4337, 4341, 4343, 4359, 4372, 4377, 4389, 4399, 4430, 4442, 4444, 4460, 4462, 4479, 4482, 4484,4486]
增强数目：0
**********